#!ascii label , from subject fsaverage5 vox2ras=TkReg
650
22  28.249  100.219  -18.737 1.0000000000
112  35.252  74.729  -29.485 1.0000000000
114  33.987  77.298  -3.608 1.0000000000
115  31.849  64.573  23.875 1.0000000000
197  35.545  47.150  -39.475 1.0000000000
247  32.001  89.709  -25.272 1.0000000000
248  34.892  78.150  -17.150 1.0000000000
249  31.733  90.274  -11.302 1.0000000000
251  30.569  79.642  18.666 1.0000000000
253  31.050  54.319  35.718 1.0000000000
260  27.417  97.489  -32.336 1.0000000000
261  31.607  83.953  -37.062 1.0000000000
383  28.396  98.416  -3.273 1.0000000000
384  23.856  101.608  5.430 1.0000000000
390  15.134  107.877  -15.207 1.0000000000
502  37.731  56.992  -31.881 1.0000000000
507  31.154  86.815  3.556 1.0000000000
521  34.399  66.809  -39.205 1.0000000000
727  30.229  95.513  -22.179 1.0000000000
728  31.907  90.641  -18.394 1.0000000000
729  30.184  95.891  -15.238 1.0000000000
733  29.615  63.475  38.720 1.0000000000
738  25.487  103.684  -21.918 1.0000000000
740  27.942  99.501  -25.699 1.0000000000
741  30.145  93.805  -29.082 1.0000000000
880  17.742  93.887  20.233 1.0000000000
881  21.037  96.522  16.984 1.0000000000
882  20.654  91.345  23.935 1.0000000000
891  19.636  107.621  -12.664 1.0000000000
1102  36.658  66.092  -30.737 1.0000000000
1105  34.467  78.351  -10.585 1.0000000000
1107  35.606  71.167  -6.559 1.0000000000
1109  34.976  70.017  0.173 1.0000000000
1110  28.310  96.032  4.604 1.0000000000
1111  29.931  93.185  0.160 1.0000000000
1112  29.764  90.300  7.889 1.0000000000
1113  31.322  72.039  21.431 1.0000000000
1114  31.674  76.603  14.313 1.0000000000
1117  32.905  61.193  19.751 1.0000000000
1119  32.291  56.735  25.836 1.0000000000
1145  35.054  71.128  -34.804 1.0000000000
1146  36.179  62.328  -35.637 1.0000000000
1507  33.504  51.230  -42.697 1.0000000000
1597  33.677  82.797  -27.553 1.0000000000
1598  35.207  76.878  -23.474 1.0000000000
1599  33.605  84.124  -21.293 1.0000000000
1600  33.305  84.646  -14.402 1.0000000000
1606  30.952  67.332  28.164 1.0000000000
1607  31.432  59.617  30.021 1.0000000000
1608  30.606  61.991  34.378 1.0000000000
1622  29.635  91.400  -35.052 1.0000000000
1623  31.948  87.477  -31.480 1.0000000000
1853  28.357  99.908  -11.292 1.0000000000
1855  26.269  100.831  1.093 1.0000000000
1856  26.379  97.563  9.060 1.0000000000
1858  23.979  97.782  13.210 1.0000000000
1859  26.238  93.630  16.587 1.0000000000
1872  22.609  106.508  -17.562 1.0000000000
2163  30.128  94.916  -7.554 1.0000000000
2164  31.446  89.034  -3.862 1.0000000000
2165  32.492  82.453  -0.007 1.0000000000
2166  30.871  83.606  11.198 1.0000000000
2167  32.096  79.942  7.022 1.0000000000
2168  33.461  75.198  3.536 1.0000000000
2169  34.353  67.700  6.715 1.0000000000
2203  30.816  79.340  -41.744 1.0000000000
2204  32.145  70.434  -42.732 1.0000000000
2205  33.124  60.764  -42.925 1.0000000000
2206  35.225  57.210  -39.582 1.0000000000
2207  36.938  52.897  -36.164 1.0000000000
2647  29.286  97.985  -20.373 1.0000000000
2648  30.237  95.802  -18.601 1.0000000000
2649  29.252  98.257  -16.960 1.0000000000
2658  27.000  102.089  -20.174 1.0000000000
2659  26.769  101.780  -23.716 1.0000000000
2660  28.136  99.992  -22.144 1.0000000000
2661  29.208  97.578  -23.917 1.0000000000
2800  17.544  91.222  23.437 1.0000000000
2801  19.271  92.898  21.896 1.0000000000
3022  35.989  70.364  -30.242 1.0000000000
3023  36.745  67.438  -28.197 1.0000000000
3024  36.033  71.724  -27.424 1.0000000000
3025  34.226  78.023  -7.158 1.0000000000
3026  34.998  74.999  -8.448 1.0000000000
3027  34.778  74.355  -5.136 1.0000000000
3028  35.328  70.546  -3.172 1.0000000000
3029  34.503  73.703  -1.824 1.0000000000
3031  29.118  93.275  6.121 1.0000000000
3033  31.608  68.452  22.538 1.0000000000
3034  31.786  70.769  19.314 1.0000000000
3035  32.094  66.768  20.579 1.0000000000
3036  32.644  65.212  18.367 1.0000000000
3037  32.353  62.864  21.804 1.0000000000
3038  32.603  59.043  22.765 1.0000000000
3039  32.083  60.541  25.012 1.0000000000
3063  34.508  77.080  -31.547 1.0000000000
3065  35.183  73.091  -32.311 1.0000000000
3066  35.860  68.718  -32.907 1.0000000000
3472  34.594  49.269  -41.078 1.0000000000
3474  34.493  44.132  -40.909 1.0000000000
3622  32.859  86.353  -26.534 1.0000000000
3623  33.652  83.652  -24.467 1.0000000000
3624  32.831  87.103  -23.143 1.0000000000
3625  31.851  90.503  -14.825 1.0000000000
3626  32.642  87.727  -16.465 1.0000000000
3627  32.510  87.565  -12.735 1.0000000000
3636  30.650  71.163  26.926 1.0000000000
3637  30.489  68.516  30.249 1.0000000000
3638  30.779  64.677  31.379 1.0000000000
3639  30.311  65.649  33.591 1.0000000000
3641  30.007  59.874  39.361 1.0000000000
3660  27.072  95.981  -35.286 1.0000000000
3661  28.319  92.876  -36.507 1.0000000000
3662  28.555  94.685  -33.665 1.0000000000
3663  31.138  91.921  -27.052 1.0000000000
3664  31.025  90.875  -30.391 1.0000000000
3665  31.983  88.797  -28.485 1.0000000000
3666  32.876  85.103  -29.746 1.0000000000
4075  23.710  103.109  1.626 1.0000000000
4076  25.092  102.642  -0.502 1.0000000000
4077  25.099  101.361  3.436 1.0000000000
4078  26.343  99.274  5.197 1.0000000000
4079  25.184  99.748  7.281 1.0000000000
4083  22.467  95.072  18.681 1.0000000000
4084  22.465  97.294  15.294 1.0000000000
4085  23.865  95.637  16.898 1.0000000000
4086  25.139  95.929  14.851 1.0000000000
4087  25.114  93.497  18.718 1.0000000000
4088  26.179  91.117  20.431 1.0000000000
4112  16.972  107.983  -17.535 1.0000000000
4113  21.546  106.970  -11.546 1.0000000000
4114  21.138  107.266  -15.293 1.0000000000
4115  22.970  106.368  -13.906 1.0000000000
4116  24.400  105.328  -15.961 1.0000000000
4747  38.119  52.598  -32.232 1.0000000000
4755  35.079  77.589  -20.325 1.0000000000
4765  36.308  63.066  0.577 1.0000000000
4770  28.384  99.290  -7.195 1.0000000000
4771  29.343  97.468  -9.449 1.0000000000
4772  29.311  96.755  -5.465 1.0000000000
4773  30.534  90.174  2.110 1.0000000000
4774  30.731  91.038  -1.727 1.0000000000
4775  31.294  88.030  -0.094 1.0000000000
4776  31.981  85.880  -1.953 1.0000000000
4777  31.832  84.741  1.562 1.0000000000
4778  30.147  83.055  17.064 1.0000000000
4779  30.227  85.339  13.248 1.0000000000
4780  30.742  81.674  14.884 1.0000000000
4782  31.891  78.427  10.584 1.0000000000
4784  32.733  77.827  5.197 1.0000000000
4800  31.241  57.153  32.785 1.0000000000
4801  31.614  55.660  30.781 1.0000000000
4802  31.399  53.255  33.483 1.0000000000
4868  30.333  85.721  -38.848 1.0000000000
4869  30.000  83.387  -41.024 1.0000000000
4870  31.345  81.679  -39.418 1.0000000000
4873  33.309  68.589  -41.115 1.0000000000
4874  32.704  65.684  -42.886 1.0000000000
4875  33.890  63.688  -41.172 1.0000000000
4876  34.222  59.052  -41.301 1.0000000000
4877  34.841  61.944  -39.547 1.0000000000
4878  36.958  59.847  -33.839 1.0000000000
4879  36.642  57.445  -35.929 1.0000000000
4880  37.414  55.164  -34.056 1.0000000000
4881  37.685  50.711  -34.405 1.0000000000
5827  36.436  45.650  -37.808 1.0000000000
5828  35.488  42.452  -39.256 1.0000000000
5917  31.160  92.698  -23.637 1.0000000000
5918  32.038  90.118  -21.732 1.0000000000
5919  31.165  93.066  -20.234 1.0000000000
5920  31.082  93.308  -16.599 1.0000000000
5921  31.031  93.117  -13.217 1.0000000000
5936  23.751  104.949  -23.394 1.0000000000
5941  28.906  95.803  -30.661 1.0000000000
5942  29.121  96.781  -27.375 1.0000000000
5943  30.207  94.818  -25.759 1.0000000000
6194  19.420  95.389  18.628 1.0000000000
6195  20.946  94.089  20.435 1.0000000000
6196  22.305  92.597  22.116 1.0000000000
6210  15.751  107.678  -11.664 1.0000000000
6211  17.473  107.943  -14.013 1.0000000000
6212  17.939  107.599  -10.291 1.0000000000
6592  37.253  61.461  -31.396 1.0000000000
6594  37.386  63.090  -28.882 1.0000000000
6597  34.660  78.540  -13.948 1.0000000000
6598  35.515  74.864  -15.098 1.0000000000
6599  35.312  74.850  -11.734 1.0000000000
6603  36.109  67.516  -4.391 1.0000000000
6604  35.799  66.962  -1.216 1.0000000000
6605  35.494  65.947  2.056 1.0000000000
6606  28.326  97.466  0.537 1.0000000000
6607  29.197  96.000  -1.616 1.0000000000
6608  29.152  94.731  2.408 1.0000000000
6609  29.873  91.828  3.946 1.0000000000
6610  30.470  88.701  5.667 1.0000000000
6611  31.005  75.904  19.869 1.0000000000
6612  31.142  77.975  16.601 1.0000000000
6613  31.518  74.305  17.862 1.0000000000
6669  34.818  69.181  -36.957 1.0000000000
6670  35.322  64.503  -37.515 1.0000000000
6671  35.674  66.628  -35.294 1.0000000000
6672  36.501  64.280  -33.222 1.0000000000
7357  32.316  52.643  -44.211 1.0000000000
7567  34.470  78.880  -28.709 1.0000000000
7568  35.240  76.042  -26.611 1.0000000000
7569  34.462  79.911  -25.739 1.0000000000
7570  34.436  80.481  -22.529 1.0000000000
7571  34.283  81.145  -19.358 1.0000000000
7572  32.764  87.517  -19.811 1.0000000000
7573  33.499  84.420  -17.988 1.0000000000
7574  34.109  81.456  -15.903 1.0000000000
7575  33.867  81.680  -12.389 1.0000000000
7582  30.010  80.643  20.960 1.0000000000
7585  30.485  77.035  22.205 1.0000000000
7586  30.837  73.514  23.469 1.0000000000
7587  31.136  69.808  24.773 1.0000000000
7588  31.409  66.190  25.782 1.0000000000
7589  31.632  62.178  27.046 1.0000000000
7590  31.216  63.801  28.946 1.0000000000
7591  31.034  61.023  32.073 1.0000000000
7592  30.862  58.046  35.093 1.0000000000
7593  30.184  62.666  36.476 1.0000000000
7594  30.459  58.946  37.317 1.0000000000
7595  30.670  55.342  38.068 1.0000000000
7623  29.384  89.352  -37.857 1.0000000000
7624  30.700  87.738  -36.143 1.0000000000
7625  29.885  92.845  -32.169 1.0000000000
7626  30.889  89.540  -33.300 1.0000000000
7627  31.838  85.817  -34.388 1.0000000000
7629  33.739  81.161  -30.611 1.0000000000
8182  27.178  102.112  -16.660 1.0000000000
8183  28.281  100.267  -15.050 1.0000000000
8184  27.166  102.116  -13.038 1.0000000000
8185  27.360  101.473  -9.128 1.0000000000
8189  27.394  99.829  -1.266 1.0000000000
8190  27.413  98.548  2.694 1.0000000000
8191  27.382  97.004  6.812 1.0000000000
8192  27.376  95.149  10.775 1.0000000000
8197  22.509  99.484  11.447 1.0000000000
8198  23.950  99.807  9.344 1.0000000000
8199  25.226  97.977  10.958 1.0000000000
8200  26.273  95.796  12.830 1.0000000000
8201  27.255  93.237  14.651 1.0000000000
8202  27.277  90.804  18.419 1.0000000000
8234  19.103  107.818  -16.242 1.0000000000
8235  20.690  107.262  -18.963 1.0000000000
8236  22.379  106.258  -21.092 1.0000000000
8237  24.173  105.236  -19.724 1.0000000000
8238  25.799  103.819  -18.280 1.0000000000
9033  35.945  73.081  -24.665 1.0000000000
9051  29.296  98.039  -13.378 1.0000000000
9052  30.167  95.554  -11.535 1.0000000000
9054  30.075  93.988  -3.537 1.0000000000
9055  30.801  92.121  -5.528 1.0000000000
9061  30.344  87.098  9.536 1.0000000000
9062  30.962  85.484  7.485 1.0000000000
9063  31.295  80.136  12.838 1.0000000000
9064  31.475  81.910  9.016 1.0000000000
9065  31.637  83.476  5.332 1.0000000000
9066  32.275  81.431  3.450 1.0000000000
9067  32.997  78.864  1.746 1.0000000000
9068  33.721  76.446  -0.114 1.0000000000
9069  34.172  72.804  1.848 1.0000000000
9070  34.646  69.062  3.507 1.0000000000
9071  35.080  65.143  5.319 1.0000000000
9087  31.821  58.396  27.965 1.0000000000
9169  28.479  84.655  -42.539 1.0000000000
9170  29.435  80.955  -43.103 1.0000000000
9171  30.230  76.619  -43.717 1.0000000000
9172  32.069  77.401  -40.243 1.0000000000
9173  31.594  74.851  -42.274 1.0000000000
9174  30.921  72.157  -44.099 1.0000000000
9175  31.412  67.455  -44.430 1.0000000000
9176  31.901  62.687  -44.426 1.0000000000
9177  32.129  57.796  -44.445 1.0000000000
9178  33.352  56.289  -42.890 1.0000000000
9179  34.423  54.363  -41.323 1.0000000000
9180  35.464  52.382  -39.567 1.0000000000
9181  35.781  59.816  -37.751 1.0000000000
9182  36.157  55.028  -37.821 1.0000000000
9183  36.325  50.439  -37.937 1.0000000000
9184  37.172  48.441  -36.148 1.0000000000
25  17.165  62.778  -51.249 1.0000000000
56  12.588  105.790  -27.834 1.0000000000
118  6.072  88.000  -44.614 1.0000000000
322  8.541  63.255  -50.457 1.0000000000
324  11.230  48.556  -52.164 1.0000000000
427  24.823  60.058  -49.764 1.0000000000
516  12.841  77.410  -49.364 1.0000000000
517  9.325  98.899  -38.125 1.0000000000
518  16.535  90.683  -45.303 1.0000000000
519  22.193  77.414  -48.907 1.0000000000
802  12.955  63.173  -51.139 1.0000000000
803  10.150  56.249  -51.452 1.0000000000
804  14.147  55.742  -51.677 1.0000000000
1132  9.788  83.392  -47.374 1.0000000000
1133  7.093  103.795  -28.623 1.0000000000
1135  11.170  102.872  -33.569 1.0000000000
1139  19.665  84.514  -47.581 1.0000000000
1957  21.214  61.589  -50.800 1.0000000000
1958  17.949  54.370  -51.460 1.0000000000
2189  10.779  70.376  -50.105 1.0000000000
2190  15.384  70.827  -50.568 1.0000000000
2193  7.675  93.814  -41.954 1.0000000000
2195  13.173  95.470  -42.175 1.0000000000
2196  11.458  89.684  -45.357 1.0000000000
2197  14.863  84.293  -47.863 1.0000000000
2198  17.670  78.048  -49.469 1.0000000000
2199  19.784  70.294  -50.446 1.0000000000
2200  23.860  69.095  -49.644 1.0000000000
2201  27.461  66.966  -48.124 1.0000000000
2722  15.069  63.479  -51.232 1.0000000000
2723  13.729  59.580  -51.450 1.0000000000
2724  15.753  59.335  -51.477 1.0000000000
3050  5.418  84.940  -45.558 1.0000000000
3051  7.283  82.551  -46.939 1.0000000000
3052  8.042  85.976  -46.078 1.0000000000
3053  9.804  104.901  -28.324 1.0000000000
3054  9.072  103.504  -31.185 1.0000000000
3055  11.865  104.496  -30.763 1.0000000000
3059  22.810  87.614  -45.484 1.0000000000
3850  10.876  52.734  -51.823 1.0000000000
3851  9.012  52.890  -51.685 1.0000000000
3852  9.463  49.490  -52.095 1.0000000000
4297  23.058  60.621  -50.366 1.0000000000
4298  21.422  57.077  -50.831 1.0000000000
4299  23.226  55.969  -50.323 1.0000000000
4833  10.399  77.001  -49.016 1.0000000000
4835  11.999  73.970  -49.822 1.0000000000
4836  13.086  70.795  -50.399 1.0000000000
4837  14.255  74.302  -50.045 1.0000000000
4841  7.299  99.955  -35.906 1.0000000000
4843  6.529  97.620  -38.220 1.0000000000
4845  8.566  96.567  -40.120 1.0000000000
4851  14.977  93.271  -43.838 1.0000000000
4852  12.161  92.687  -43.879 1.0000000000
4853  14.131  90.339  -45.409 1.0000000000
4854  13.360  87.362  -46.644 1.0000000000
4855  15.862  87.555  -46.729 1.0000000000
4856  20.985  80.997  -48.367 1.0000000000
4857  18.672  81.405  -48.631 1.0000000000
4858  20.010  77.785  -49.288 1.0000000000
4859  18.979  74.332  -50.018 1.0000000000
4860  21.208  73.874  -49.759 1.0000000000
4861  21.874  69.796  -50.130 1.0000000000
4862  23.119  73.510  -49.338 1.0000000000
4865  28.600  70.308  -46.902 1.0000000000
4866  29.129  65.878  -46.993 1.0000000000
6052  10.739  63.452  -50.850 1.0000000000
6053  9.428  59.718  -51.008 1.0000000000
6054  11.526  59.830  -51.277 1.0000000000
6055  12.188  56.051  -51.620 1.0000000000
6056  12.680  51.901  -51.900 1.0000000000
6322  26.468  58.791  -49.018 1.0000000000
6323  25.027  55.203  -49.636 1.0000000000
6644  6.443  79.291  -47.473 1.0000000000
6645  8.988  79.934  -48.079 1.0000000000
6646  11.444  80.603  -48.455 1.0000000000
6649  6.264  102.329  -31.298 1.0000000000
6650  8.226  101.879  -33.646 1.0000000000
6657  18.320  87.911  -46.470 1.0000000000
6658  20.551  87.844  -46.120 1.0000000000
6659  21.955  84.549  -47.028 1.0000000000
7887  8.246  56.315  -51.185 1.0000000000
8467  19.240  62.382  -51.093 1.0000000000
8468  17.809  58.659  -51.388 1.0000000000
8469  19.619  57.868  -51.179 1.0000000000
8470  19.826  53.502  -51.157 1.0000000000
9129  9.672  66.791  -50.310 1.0000000000
9130  11.948  67.047  -50.671 1.0000000000
9131  14.091  67.166  -50.881 1.0000000000
9132  16.449  66.900  -50.977 1.0000000000
9141  6.676  91.001  -43.348 1.0000000000
9147  11.348  97.265  -40.365 1.0000000000
9148  10.405  94.893  -42.040 1.0000000000
9149  9.531  91.944  -43.729 1.0000000000
9150  8.604  89.107  -44.950 1.0000000000
9151  10.640  86.652  -46.476 1.0000000000
9152  12.466  84.109  -47.666 1.0000000000
9153  13.778  80.999  -48.697 1.0000000000
9154  17.237  84.723  -47.758 1.0000000000
9155  16.354  81.369  -48.749 1.0000000000
9156  15.230  77.769  -49.518 1.0000000000
9157  16.634  74.475  -50.111 1.0000000000
9158  17.607  70.834  -50.567 1.0000000000
9159  18.579  66.718  -50.897 1.0000000000
9160  20.623  65.983  -50.693 1.0000000000
9161  22.653  65.413  -50.293 1.0000000000
9162  24.478  64.582  -49.761 1.0000000000
9164  25.787  68.409  -48.925 1.0000000000
9165  26.193  63.576  -49.061 1.0000000000
9166  27.854  62.367  -48.153 1.0000000000
9864  16.118  55.309  -51.619 1.0000000000
9865  14.605  51.601  -51.834 1.0000000000
9866  12.979  47.969  -52.094 1.0000000000
172  10.600  99.450  7.456 1.0000000000
177  -1.356  86.498  13.511 1.0000000000
652  7.567  95.675  10.603 1.0000000000
657  2.372  89.792  13.403 1.0000000000
658  0.439  91.464  8.831 1.0000000000
894  -11.220  79.804  8.981 1.0000000000
1472  -7.493  84.266  8.706 1.0000000000
1473  -3.648  88.139  8.493 1.0000000000
2038  -2.625  81.436  18.207 1.0000000000
2039  0.994  85.151  17.673 1.0000000000
2040  4.716  88.633  17.154 1.0000000000
2573  7.773  94.002  13.195 1.0000000000
2574  6.417  92.255  14.280 1.0000000000
2577  4.023  91.217  13.288 1.0000000000
3408  8.536  98.931  6.301 1.0000000000
3412  -3.295  84.898  13.295 1.0000000000
3413  -4.426  85.598  11.003 1.0000000000
3414  -2.486  87.404  10.983 1.0000000000
4120  -13.960  77.878  6.553 1.0000000000
4126  -8.728  84.716  6.235 1.0000000000
4473  -4.610  79.567  18.138 1.0000000000
4475  1.883  81.841  22.155 1.0000000000
4476  0.507  82.592  20.090 1.0000000000
4477  2.354  84.507  19.710 1.0000000000
4478  2.894  86.985  17.382 1.0000000000
5782  9.061  97.632  9.021 1.0000000000
5784  9.346  96.005  11.783 1.0000000000
5790  7.265  97.097  8.061 1.0000000000
5791  0.588  88.361  13.308 1.0000000000
5792  -0.592  88.974  11.127 1.0000000000
5793  1.376  90.628  11.161 1.0000000000
6218  -12.307  80.431  6.301 1.0000000000
7276  -5.670  86.013  8.814 1.0000000000
7278  -1.537  89.840  8.743 1.0000000000
8250  -9.451  82.142  8.705 1.0000000000
8251  -10.583  82.582  6.307 1.0000000000
8688  -2.141  83.986  15.748 1.0000000000
8689  -1.486  80.645  20.265 1.0000000000
8690  -0.825  83.368  17.889 1.0000000000
8691  -0.130  85.912  15.603 1.0000000000
8692  1.667  87.585  15.443 1.0000000000
8693  3.481  89.198  15.294 1.0000000000
8694  4.976  90.633  14.979 1.0000000000
55  -1.239  98.246  -6.820 1.0000000000
885  -3.059  98.473  -12.488 1.0000000000
886  -0.068  101.373  -17.995 1.0000000000
887  1.903  101.947  -12.239 1.0000000000
897  -5.890  94.489  -6.923 1.0000000000
2805  -2.125  98.489  -9.705 1.0000000000
2806  -0.712  100.207  -12.431 1.0000000000
2807  0.294  100.198  -9.471 1.0000000000
2815  -2.516  96.221  -4.154 1.0000000000
2817  -3.596  96.394  -6.823 1.0000000000
2818  -4.595  96.513  -9.661 1.0000000000
6203  -1.725  99.971  -15.334 1.0000000000
6204  0.942  101.775  -14.979 1.0000000000
6205  3.573  103.405  -14.929 1.0000000000
6226  -5.554  96.423  -12.361 1.0000000000
7263  -0.225  97.895  -3.887 1.0000000000
7264  1.199  99.909  -6.478 1.0000000000
7265  2.016  99.449  -3.687 1.0000000000
28  -24.425  19.416  -36.260 1.0000000000
433  -22.979  26.330  -46.457 1.0000000000
1358  -21.283  29.123  -51.260 1.0000000000
1969  -23.960  23.054  -41.311 1.0000000000
1970  -20.802  26.274  -41.237 1.0000000000
1971  -19.582  29.372  -46.121 1.0000000000
1972  -17.705  31.927  -50.552 1.0000000000
2732  -25.833  19.582  -38.545 1.0000000000
4326  -18.795  30.693  -48.563 1.0000000000
4327  -17.106  32.194  -47.973 1.0000000000
5513  -23.623  24.673  -43.894 1.0000000000
5514  -25.286  23.243  -44.044 1.0000000000
5515  -24.672  24.943  -46.663 1.0000000000
7052  -22.235  27.778  -48.902 1.0000000000
8497  -24.192  21.314  -38.739 1.0000000000
8498  -22.630  22.953  -38.749 1.0000000000
8499  -22.331  24.571  -41.107 1.0000000000
8500  -21.902  26.235  -43.723 1.0000000000
8502  -20.174  27.915  -43.520 1.0000000000
8503  -21.241  27.793  -46.144 1.0000000000
8504  -20.484  29.204  -48.647 1.0000000000
8505  -19.500  30.512  -51.083 1.0000000000
9946  -25.647  21.423  -41.238 1.0000000000
96  1.704  71.966  31.247 1.0000000000
1082  5.749  76.444  30.475 1.0000000000
1545  0.772  65.689  35.381 1.0000000000
1585  4.812  69.821  35.215 1.0000000000
2934  2.229  74.938  29.101 1.0000000000
3002  3.739  74.127  30.965 1.0000000000
3534  0.225  62.181  37.386 1.0000000000
3601  2.243  64.302  37.371 1.0000000000
3602  1.864  60.897  39.333 1.0000000000
4689  6.768  72.109  34.841 1.0000000000
7537  3.234  70.822  33.310 1.0000000000
7538  2.890  67.769  35.385 1.0000000000
7539  4.350  66.284  37.471 1.0000000000
8950  5.143  73.122  32.848 1.0000000000
8951  7.128  75.269  32.517 1.0000000000
1656  -29.305  -11.236  0.610 1.0000000000
1899  -35.336  2.303  1.913 1.0000000000
1900  -32.896  -2.424  1.606 1.0000000000
1901  -30.768  -7.161  1.305 1.0000000000
1902  -27.562  -6.753  -1.051 1.0000000000
4171  -36.547  5.076  2.005 1.0000000000
4172  -35.085  4.889  0.700 1.0000000000
4174  -32.524  -0.119  0.569 1.0000000000
4175  -31.104  -2.539  0.366 1.0000000000
4176  -31.733  -4.816  1.453 1.0000000000
4177  -30.074  -4.869  0.297 1.0000000000
4178  -29.174  -6.987  0.114 1.0000000000
4179  -28.480  -4.585  -0.807 1.0000000000
7704  -30.754  -11.494  1.896 1.0000000000
8309  -35.675  -0.029  3.147 1.0000000000
8310  -33.827  2.359  0.644 1.0000000000
8311  -34.155  -0.131  1.809 1.0000000000
8312  -34.529  -2.594  3.021 1.0000000000
8315  -31.554  -9.447  2.363 1.0000000000
8316  -29.890  -9.218  0.976 1.0000000000
8317  -28.326  -9.004  -0.270 1.0000000000
8318  -26.822  -8.642  -1.478 1.0000000000
8319  -26.839  -4.190  -1.904 1.0000000000
8320  -26.033  -6.197  -2.180 1.0000000000
8321  -25.547  -8.127  -2.551 1.0000000000
426  32.522  -10.493  27.551 1.0000000000
950  33.341  -2.161  27.106 1.0000000000
1956  33.359  -16.176  24.431 1.0000000000
2380  31.729  -17.808  28.057 1.0000000000
4292  32.973  -6.358  27.248 1.0000000000
4296  33.002  -13.088  25.962 1.0000000000
5307  31.399  -21.632  28.151 1.0000000000
5308  32.131  -20.807  26.379 1.0000000000
5309  31.736  -24.707  26.499 1.0000000000
6320  32.516  -3.380  28.741 1.0000000000
6321  32.119  -7.265  29.013 1.0000000000
9695  31.703  -11.217  29.315 1.0000000000
9697  31.322  -15.189  29.560 1.0000000000
9698  32.159  -14.268  27.697 1.0000000000
9699  32.532  -17.131  26.213 1.0000000000
9700  32.954  -19.950  24.469 1.0000000000
424  35.086  22.958  24.229 1.0000000000
1948  36.628  34.670  17.694 1.0000000000
4275  36.505  38.991  16.592 1.0000000000
4276  35.843  37.308  19.241 1.0000000000
4277  35.118  27.412  23.611 1.0000000000
4278  35.860  29.046  21.317 1.0000000000
5377  38.015  32.519  13.991 1.0000000000
8441  37.279  35.695  15.328 1.0000000000
8442  37.368  31.484  16.387 1.0000000000
8443  35.906  33.239  20.237 1.0000000000
8454  34.968  18.708  24.808 1.0000000000
453  -33.539  32.553  -0.542 1.0000000000
993  -34.735  29.406  5.169 1.0000000000
994  -33.588  29.173  9.824 1.0000000000
2014  -35.312  29.162  1.219 1.0000000000
2015  -33.082  33.203  3.184 1.0000000000
2017  -30.734  32.828  12.298 1.0000000000
2913  -35.078  27.118  8.510 1.0000000000
4415  -33.496  31.226  6.381 1.0000000000
4416  -33.847  31.436  4.248 1.0000000000
4884  -33.394  32.132  -2.246 1.0000000000
6395  -34.325  29.139  7.462 1.0000000000
6396  -32.923  31.170  8.542 1.0000000000
8616  -34.425  30.934  0.396 1.0000000000
8617  -35.104  29.320  3.169 1.0000000000
8618  -34.279  31.132  2.214 1.0000000000
8619  -33.366  32.998  1.300 1.0000000000
8624  -32.239  30.913  11.013 1.0000000000
789  28.093  -32.801  49.310 1.0000000000
1707  28.104  -20.450  46.131 1.0000000000
1708  28.097  -25.463  43.261 1.0000000000
3803  28.228  -17.921  47.430 1.0000000000
3805  28.070  -29.412  46.156 1.0000000000
3806  28.040  -26.074  45.303 1.0000000000
3807  28.118  -28.588  44.046 1.0000000000
6028  28.052  -29.934  48.484 1.0000000000
6029  28.128  -32.456  46.974 1.0000000000
7822  28.188  -17.235  45.338 1.0000000000
7823  28.112  -19.752  44.048 1.0000000000
7825  28.056  -22.883  44.612 1.0000000000
26  -17.924  45.438  -13.954 1.0000000000
1893  -19.689  42.520  -12.162 1.0000000000
2216  -20.173  49.690  -12.975 1.0000000000
2672  -17.660  41.898  -13.459 1.0000000000
4160  -19.473  38.744  -11.769 1.0000000000
4161  -20.654  40.965  -11.390 1.0000000000
4903  -21.114  47.955  -11.929 1.0000000000
4904  -21.321  51.603  -12.266 1.0000000000
8294  -18.510  40.276  -12.573 1.0000000000
8295  -18.731  43.856  -13.021 1.0000000000
9210  -20.956  44.621  -11.627 1.0000000000
9211  -19.908  46.009  -12.544 1.0000000000
9212  -18.997  47.530  -13.518 1.0000000000
9237  -20.401  53.311  -13.478 1.0000000000
9238  -19.254  51.145  -14.083 1.0000000000
9239  -18.126  48.960  -14.575 1.0000000000
194  30.967  24.270  37.748 1.0000000000
674  30.386  19.877  40.824 1.0000000000
2179  30.696  26.335  41.186 1.0000000000
3464  31.324  26.212  36.036 1.0000000000
4812  30.636  27.185  43.010 1.0000000000
4813  30.498  23.869  42.701 1.0000000000
4814  30.478  24.506  44.508 1.0000000000
5822  30.652  21.978  39.305 1.0000000000
9097  31.456  29.995  35.853 1.0000000000
9101  30.813  25.505  39.375 1.0000000000
9102  30.563  23.178  40.885 1.0000000000
9103  30.349  20.804  42.321 1.0000000000
948  33.104  11.611  29.140 1.0000000000
4284  32.853  18.358  30.086 1.0000000000
6314  32.599  13.892  30.530 1.0000000000
6315  32.338  9.880  30.849 1.0000000000
6316  32.793  7.487  29.528 1.0000000000
6317  33.300  5.007  28.133 1.0000000000
8452  33.325  15.786  28.803 1.0000000000
2461  -38.994  3.045  -52.324 1.0000000000
5506  -39.570  2.261  -49.878 1.0000000000
5507  -38.782  5.435  -51.216 1.0000000000
6363  -39.830  -2.948  -51.387 1.0000000000
9938  -39.761  -0.332  -50.710 1.0000000000
9939  -39.174  0.228  -52.978 1.0000000000
9941  -38.266  3.680  -54.734 1.0000000000
21  26.640  70.671  40.601 1.0000000000
2650  27.044  73.960  37.362 1.0000000000
2652  27.787  70.754  38.647 1.0000000000
2654  27.467  67.585  41.696 1.0000000000
8967  25.350  70.505  42.104 1.0000000000
8993  25.001  66.817  45.058 1.0000000000
1844  0.105  35.045  51.168 1.0000000000
3984  -3.253  35.471  49.033 1.0000000000
4051  -1.215  37.012  49.571 1.0000000000
4052  -1.737  33.694  50.643 1.0000000000
8160  1.705  33.447  52.778 1.0000000000
903  -24.089  22.968  -8.322 1.0000000000
1889  -21.366  18.196  -8.393 1.0000000000
4150  -22.739  24.254  -8.839 1.0000000000
4151  -22.743  20.565  -8.339 1.0000000000
4152  -21.380  21.679  -8.887 1.0000000000
8281  -24.221  19.725  -7.832 1.0000000000
8282  -22.757  17.162  -7.817 1.0000000000
5508  -36.130  9.812  -57.621 1.0000000000
5510  -36.295  7.395  -58.464 1.0000000000
5512  -35.197  7.648  -60.562 1.0000000000
2049  -37.020  -17.394  26.952 1.0000000000
8716  -37.325  -19.683  26.370 1.0000000000
8717  -38.003  -17.642  25.115 1.0000000000
2356  26.355  -81.976  18.019 1.0000000000
9624  26.655  -81.649  15.641 1.0000000000
8987  18.521  62.240  48.732 1.0000000000
4627  29.354  -8.143  55.797 1.0000000000
2617  -3.531  46.818  43.703 1.0000000000
9640  26.747  -93.400  -0.385 1.0000000000
755  -14.560  43.411  -17.164 1.0000000000
4211  -12.462  -54.867  35.319 1.0000000000
2976  -21.124  -29.539  37.735 1.0000000000
