#!ascii label , from subject fsaverage5 vox2ras=TkReg
544
112  35.252  74.729  -29.485 1.0000000000
521  34.399  66.809  -39.205 1.0000000000
1102  36.658  66.092  -30.737 1.0000000000
1143  33.680  79.489  -33.351 1.0000000000
1144  33.143  75.789  -38.431 1.0000000000
1145  35.054  71.128  -34.804 1.0000000000
1146  36.179  62.328  -35.637 1.0000000000
1597  33.677  82.797  -27.553 1.0000000000
2205  33.124  60.764  -42.925 1.0000000000
2206  35.225  57.210  -39.582 1.0000000000
3022  35.989  70.364  -30.242 1.0000000000
3063  34.508  77.080  -31.547 1.0000000000
3064  34.365  75.477  -34.205 1.0000000000
3065  35.183  73.091  -32.311 1.0000000000
3066  35.860  68.718  -32.907 1.0000000000
3666  32.876  85.103  -29.746 1.0000000000
4871  33.797  71.264  -38.983 1.0000000000
4873  33.309  68.589  -41.115 1.0000000000
4874  32.704  65.684  -42.886 1.0000000000
4875  33.890  63.688  -41.172 1.0000000000
4876  34.222  59.052  -41.301 1.0000000000
4877  34.841  61.944  -39.547 1.0000000000
4878  36.958  59.847  -33.839 1.0000000000
4879  36.642  57.445  -35.929 1.0000000000
6665  32.682  81.993  -35.190 1.0000000000
6667  33.454  77.888  -35.939 1.0000000000
6668  34.126  73.586  -36.683 1.0000000000
6669  34.818  69.181  -36.957 1.0000000000
6670  35.322  64.503  -37.515 1.0000000000
6671  35.674  66.628  -35.294 1.0000000000
6672  36.501  64.280  -33.222 1.0000000000
7567  34.470  78.880  -28.709 1.0000000000
7568  35.240  76.042  -26.611 1.0000000000
7569  34.462  79.911  -25.739 1.0000000000
7628  32.829  83.656  -32.528 1.0000000000
7629  33.739  81.161  -30.611 1.0000000000
9176  31.901  62.687  -44.426 1.0000000000
9181  35.781  59.816  -37.751 1.0000000000
64  -25.169  -56.253  26.075 1.0000000000
188  -21.196  -52.288  32.074 1.0000000000
412  -19.078  -61.390  28.371 1.0000000000
918  -32.145  -50.411  18.576 1.0000000000
925  -23.309  -54.558  29.548 1.0000000000
926  -20.126  -56.924  30.483 1.0000000000
1484  -26.513  -52.167  28.326 1.0000000000
1485  -28.175  -53.397  24.637 1.0000000000
1491  -22.142  -47.531  33.289 1.0000000000
1492  -24.335  -50.249  31.220 1.0000000000
1909  -29.510  -53.756  20.245 1.0000000000
1920  -17.891  -54.048  33.032 1.0000000000
1921  -16.975  -58.924  31.387 1.0000000000
1922  -15.851  -63.711  29.183 1.0000000000
2834  -24.450  -58.265  24.784 1.0000000000
2835  -25.237  -58.591  22.687 1.0000000000
2836  -25.963  -56.752  24.052 1.0000000000
2845  -24.241  -55.522  27.958 1.0000000000
2846  -22.726  -56.739  28.520 1.0000000000
2847  -23.686  -57.489  26.804 1.0000000000
3446  -24.835  -47.893  31.959 1.0000000000
3447  -25.871  -49.149  30.790 1.0000000000
3448  -25.509  -51.276  29.865 1.0000000000
4192  -29.587  -51.943  23.874 1.0000000000
4193  -28.873  -53.701  22.493 1.0000000000
4194  -30.223  -52.157  21.750 1.0000000000
4196  -31.362  -51.946  16.982 1.0000000000
4215  -20.125  -50.629  33.181 1.0000000000
4216  -18.446  -51.570  33.616 1.0000000000
4217  -19.489  -53.125  32.603 1.0000000000
4218  -19.660  -59.106  29.500 1.0000000000
4219  -18.537  -57.804  31.038 1.0000000000
4220  -18.137  -60.185  29.940 1.0000000000
4221  -16.515  -61.276  30.349 1.0000000000
4222  -17.444  -62.548  28.862 1.0000000000
6260  -31.652  -50.393  20.923 1.0000000000
6273  -22.352  -53.552  30.826 1.0000000000
6274  -20.622  -54.559  31.393 1.0000000000
6275  -21.692  -55.779  30.036 1.0000000000
6276  -21.216  -58.013  28.961 1.0000000000
6277  -20.655  -60.201  27.817 1.0000000000
7304  -25.849  -54.178  27.319 1.0000000000
7305  -26.739  -54.742  25.419 1.0000000000
7306  -27.416  -52.770  26.676 1.0000000000
7307  -28.824  -51.547  25.892 1.0000000000
7319  -21.615  -49.847  32.780 1.0000000000
7320  -23.751  -46.607  32.913 1.0000000000
7321  -23.227  -48.917  32.366 1.0000000000
7322  -22.740  -51.216  31.699 1.0000000000
7323  -23.853  -52.343  30.466 1.0000000000
7324  -24.852  -53.401  29.011 1.0000000000
8335  -27.394  -55.236  23.394 1.0000000000
8336  -28.169  -55.283  21.142 1.0000000000
8338  -30.831  -52.084  19.586 1.0000000000
8339  -30.066  -53.643  17.866 1.0000000000
8365  -16.828  -52.449  34.055 1.0000000000
8367  -18.975  -55.525  31.884 1.0000000000
8368  -17.497  -56.422  32.284 1.0000000000
8369  -15.913  -57.435  32.657 1.0000000000
8370  -15.442  -59.940  31.718 1.0000000000
183  -34.621  7.441  -0.618 1.0000000000
280  -26.577  -10.427  -1.860 1.0000000000
403  -29.457  -2.241  -0.759 1.0000000000
911  -32.025  2.360  -0.594 1.0000000000
912  -28.602  2.854  -2.623 1.0000000000
913  -26.096  -1.675  -2.796 1.0000000000
1481  -37.531  7.521  2.173 1.0000000000
1899  -35.336  2.303  1.913 1.0000000000
1900  -32.896  -2.424  1.606 1.0000000000
1902  -27.562  -6.753  -1.051 1.0000000000
1903  -24.647  -5.650  -3.235 1.0000000000
2831  -29.971  5.454  -2.720 1.0000000000
3720  -27.860  -10.774  -0.664 1.0000000000
4170  -36.146  7.563  0.634 1.0000000000
4171  -36.547  5.076  2.005 1.0000000000
4172  -35.085  4.889  0.700 1.0000000000
4173  -30.793  -0.034  -0.583 1.0000000000
4174  -32.524  -0.119  0.569 1.0000000000
4175  -31.104  -2.539  0.366 1.0000000000
4176  -31.733  -4.816  1.453 1.0000000000
4177  -30.074  -4.869  0.297 1.0000000000
4179  -28.480  -4.585  -0.807 1.0000000000
4181  -25.286  -3.877  -2.918 1.0000000000
4182  -23.880  -3.153  -3.921 1.0000000000
4183  -23.514  -5.140  -4.187 1.0000000000
6247  -33.415  4.931  -0.579 1.0000000000
6248  -31.744  5.138  -1.691 1.0000000000
6249  -30.357  2.666  -1.669 1.0000000000
6250  -29.070  0.331  -1.678 1.0000000000
6251  -27.806  -1.987  -1.782 1.0000000000
6252  -27.254  0.573  -2.685 1.0000000000
7297  -37.218  9.957  0.885 1.0000000000
8309  -35.675  -0.029  3.147 1.0000000000
8310  -33.827  2.359  0.644 1.0000000000
8311  -34.155  -0.131  1.809 1.0000000000
8312  -34.529  -2.594  3.021 1.0000000000
8317  -28.326  -9.004  -0.270 1.0000000000
8318  -26.822  -8.642  -1.478 1.0000000000
8319  -26.839  -4.190  -1.904 1.0000000000
8320  -26.033  -6.197  -2.180 1.0000000000
8321  -25.547  -8.127  -2.551 1.0000000000
8322  -24.384  -7.479  -3.612 1.0000000000
177  -1.356  86.498  13.511 1.0000000000
658  0.439  91.464  8.831 1.0000000000
1473  -3.648  88.139  8.493 1.0000000000
2037  -6.451  77.503  18.296 1.0000000000
2038  -2.625  81.436  18.207 1.0000000000
3412  -3.295  84.898  13.295 1.0000000000
3413  -4.426  85.598  11.003 1.0000000000
3414  -2.486  87.404  10.983 1.0000000000
3416  -0.595  92.165  6.446 1.0000000000
4471  -6.943  74.672  20.719 1.0000000000
4472  -5.091  76.835  20.579 1.0000000000
4473  -4.610  79.567  18.138 1.0000000000
4474  -3.359  78.698  20.451 1.0000000000
5787  3.457  95.140  6.854 1.0000000000
5791  0.588  88.361  13.308 1.0000000000
5792  -0.592  88.974  11.127 1.0000000000
5793  1.376  90.628  11.161 1.0000000000
5794  2.358  93.041  8.820 1.0000000000
7278  -1.537  89.840  8.743 1.0000000000
8684  -8.261  75.391  18.344 1.0000000000
8688  -2.141  83.986  15.748 1.0000000000
8689  -1.486  80.645  20.265 1.0000000000
8690  -0.825  83.368  17.889 1.0000000000
8691  -0.130  85.912  15.603 1.0000000000
8692  1.667  87.585  15.443 1.0000000000
132  -26.911  -64.305  -8.373 1.0000000000
555  -27.805  -59.346  -0.555 1.0000000000
556  -31.479  -54.424  -11.121 1.0000000000
2302  -25.524  -63.851  0.951 1.0000000000
2303  -27.224  -61.765  -4.371 1.0000000000
2306  -29.251  -59.190  -9.705 1.0000000000
3141  -27.958  -62.920  -10.810 1.0000000000
5110  -27.065  -60.321  2.054 1.0000000000
5111  -25.982  -62.377  2.787 1.0000000000
5112  -26.652  -61.633  0.028 1.0000000000
5113  -26.343  -62.820  -1.651 1.0000000000
5114  -27.469  -60.545  -2.436 1.0000000000
5120  -30.499  -55.755  -8.502 1.0000000000
5121  -29.269  -58.286  -7.686 1.0000000000
5122  -30.337  -56.810  -10.267 1.0000000000
5123  -30.294  -57.761  -12.108 1.0000000000
5124  -31.434  -55.294  -12.920 1.0000000000
6811  -27.558  -59.102  3.789 1.0000000000
6812  -28.214  -58.212  1.278 1.0000000000
6818  -32.577  -52.702  -13.529 1.0000000000
7734  -25.959  -65.366  -5.667 1.0000000000
9465  -25.268  -65.114  -1.085 1.0000000000
9466  -26.112  -64.086  -3.596 1.0000000000
9467  -27.000  -63.088  -6.257 1.0000000000
9474  -28.357  -59.438  -5.130 1.0000000000
9475  -28.185  -60.604  -7.107 1.0000000000
9476  -28.015  -61.778  -8.789 1.0000000000
9477  -29.102  -60.414  -11.476 1.0000000000
295  -16.963  -69.923  22.262 1.0000000000
296  -10.728  -74.967  22.278 1.0000000000
775  -18.903  -70.664  17.690 1.0000000000
1684  -11.645  -70.294  26.473 1.0000000000
1685  -13.954  -72.549  22.552 1.0000000000
1924  -19.899  -66.785  21.581 1.0000000000
3767  -15.575  -71.141  22.523 1.0000000000
4226  -20.363  -65.022  23.148 1.0000000000
4227  -21.264  -65.342  20.835 1.0000000000
4228  -20.704  -67.102  19.230 1.0000000000
5183  -11.192  -72.672  24.432 1.0000000000
5184  -10.134  -71.289  26.330 1.0000000000
5185  -9.662  -73.501  24.407 1.0000000000
6003  -17.982  -70.385  20.065 1.0000000000
6004  -16.491  -72.005  20.272 1.0000000000
6855  -9.114  -75.872  22.186 1.0000000000
7768  -12.314  -67.893  28.195 1.0000000000
7770  -12.787  -71.565  24.535 1.0000000000
7771  -12.280  -73.682  22.656 1.0000000000
7772  -14.974  -73.364  20.522 1.0000000000
7773  -13.475  -74.758  20.394 1.0000000000
7774  -11.902  -75.972  20.296 1.0000000000
8375  -17.464  -67.948  23.917 1.0000000000
8376  -19.491  -64.459  25.145 1.0000000000
8377  -18.917  -66.481  23.648 1.0000000000
8378  -18.504  -68.379  21.908 1.0000000000
8379  -19.442  -68.696  19.652 1.0000000000
8380  -20.247  -68.886  17.221 1.0000000000
9548  -10.613  -68.852  28.262 1.0000000000
107  28.895  -12.631  65.377 1.0000000000
488  25.601  -12.921  71.487 1.0000000000
1576  28.351  -6.818  67.607 1.0000000000
2109  26.543  -6.946  70.432 1.0000000000
2110  27.744  -12.651  68.894 1.0000000000
2111  24.254  -18.001  72.156 1.0000000000
2113  28.223  -18.341  66.851 1.0000000000
2986  28.955  -15.329  64.167 1.0000000000
3586  27.890  -3.810  68.369 1.0000000000
4640  24.884  -10.140  71.866 1.0000000000
4641  25.329  -7.253  71.416 1.0000000000
4642  26.133  -10.092  71.002 1.0000000000
4643  27.198  -9.661  69.813 1.0000000000
4644  26.788  -12.762  70.355 1.0000000000
4651  27.535  -18.413  68.647 1.0000000000
8893  26.871  -3.849  69.803 1.0000000000
8894  27.561  -6.690  69.144 1.0000000000
8895  28.066  -9.648  68.310 1.0000000000
8896  28.425  -12.477  67.252 1.0000000000
8899  24.947  -15.443  71.889 1.0000000000
8902  26.169  -15.638  70.923 1.0000000000
8903  27.215  -15.431  69.625 1.0000000000
8904  28.000  -15.608  68.054 1.0000000000
8905  28.571  -15.547  66.251 1.0000000000
265  -14.229  88.203  -16.397 1.0000000000
394  -10.269  90.252  -6.762 1.0000000000
895  -3.720  93.990  -1.438 1.0000000000
897  -5.890  94.489  -6.923 1.0000000000
1881  -12.406  89.594  -11.758 1.0000000000
2816  -4.859  94.266  -4.154 1.0000000000
4134  -11.366  89.959  -9.116 1.0000000000
4136  -9.081  93.736  -14.842 1.0000000000
6223  -8.184  92.320  -6.742 1.0000000000
6224  -9.306  92.223  -9.510 1.0000000000
8261  -13.271  89.146  -14.324 1.0000000000
8262  -10.286  91.943  -11.979 1.0000000000
8263  -11.222  91.511  -14.537 1.0000000000
8264  -12.174  90.765  -16.808 1.0000000000
97  -23.703  -26.827  37.006 1.0000000000
465  -30.144  -25.637  33.421 1.0000000000
1015  -24.789  -30.365  35.646 1.0000000000
1016  -28.037  -30.011  34.150 1.0000000000
1017  -26.960  -26.026  35.306 1.0000000000
2044  -31.221  -29.854  32.279 1.0000000000
2045  -33.342  -25.723  30.963 1.0000000000
2048  -35.330  -21.522  29.180 1.0000000000
2935  -24.175  -28.546  36.314 1.0000000000
2936  -25.843  -28.275  35.510 1.0000000000
2937  -25.237  -26.457  36.205 1.0000000000
2976  -21.124  -29.539  37.735 1.0000000000
2977  -22.638  -29.071  37.003 1.0000000000
4483  -29.111  -27.896  33.809 1.0000000000
4484  -29.664  -29.920  33.270 1.0000000000
4485  -30.668  -27.752  32.855 1.0000000000
4486  -32.230  -27.857  31.718 1.0000000000
4487  -31.762  -25.726  32.268 1.0000000000
4494  -33.967  -21.261  30.694 1.0000000000
6435  -26.420  -30.169  34.922 1.0000000000
6436  -27.562  -27.866  34.679 1.0000000000
6437  -28.628  -25.844  34.355 1.0000000000
8704  -33.747  -27.868  30.404 1.0000000000
8705  -34.757  -25.830  29.546 1.0000000000
8711  -31.415  -23.504  32.744 1.0000000000
8712  -32.962  -23.562  31.473 1.0000000000
8713  -34.359  -23.447  30.151 1.0000000000
8714  -35.617  -23.898  28.677 1.0000000000
453  -33.539  32.553  -0.542 1.0000000000
993  -34.735  29.406  5.169 1.0000000000
994  -33.588  29.173  9.824 1.0000000000
2014  -35.312  29.162  1.219 1.0000000000
2015  -33.082  33.203  3.184 1.0000000000
2913  -35.078  27.118  8.510 1.0000000000
4414  -36.113  27.374  2.220 1.0000000000
4415  -33.496  31.226  6.381 1.0000000000
4416  -33.847  31.436  4.248 1.0000000000
4417  -32.669  33.211  5.364 1.0000000000
4882  -34.404  30.526  -1.357 1.0000000000
4883  -34.207  29.818  -2.882 1.0000000000
6393  -35.950  27.307  4.225 1.0000000000
6394  -35.560  27.330  6.249 1.0000000000
6395  -34.325  29.139  7.462 1.0000000000
6396  -32.923  31.170  8.542 1.0000000000
8615  -35.347  28.871  -0.436 1.0000000000
8616  -34.425  30.934  0.396 1.0000000000
8617  -35.104  29.320  3.169 1.0000000000
8618  -34.279  31.132  2.214 1.0000000000
8619  -33.366  32.998  1.300 1.0000000000
8620  -32.233  35.057  2.162 1.0000000000
66  -35.787  -43.277  20.052 1.0000000000
186  -32.758  -42.376  28.029 1.0000000000
917  -33.552  -46.973  21.596 1.0000000000
1487  -32.107  -46.425  25.913 1.0000000000
1488  -34.483  -43.068  24.458 1.0000000000
2264  -34.890  -38.909  26.624 1.0000000000
2265  -36.414  -39.539  22.798 1.0000000000
2837  -34.753  -45.047  20.928 1.0000000000
3439  -32.557  -44.376  26.976 1.0000000000
3440  -33.341  -44.922  25.067 1.0000000000
3441  -33.727  -42.718  26.292 1.0000000000
5023  -35.791  -39.068  24.779 1.0000000000
7312  -32.882  -46.809  23.819 1.0000000000
7313  -34.058  -45.098  23.132 1.0000000000
7314  -35.191  -43.269  22.313 1.0000000000
9354  -33.835  -40.679  27.420 1.0000000000
9355  -34.779  -40.954  25.613 1.0000000000
9356  -35.521  -41.272  23.663 1.0000000000
9357  -36.144  -41.502  21.503 1.0000000000
9365  -37.020  -39.548  20.637 1.0000000000
9366  -36.665  -41.476  19.282 1.0000000000
1087  17.248  64.646  46.734 1.0000000000
2138  15.157  48.976  54.455 1.0000000000
2139  16.067  56.692  50.974 1.0000000000
2140  19.671  59.797  50.500 1.0000000000
4716  17.120  50.693  54.572 1.0000000000
4717  15.714  53.002  52.756 1.0000000000
4718  17.443  54.737  52.639 1.0000000000
4719  17.882  58.589  50.686 1.0000000000
4720  19.153  55.990  52.534 1.0000000000
8985  14.713  58.655  49.153 1.0000000000
8986  16.610  60.702  48.922 1.0000000000
8987  18.521  62.240  48.732 1.0000000000
418  27.279  -44.074  57.527 1.0000000000
1936  27.798  -39.086  56.102 1.0000000000
1937  28.144  -38.622  51.017 1.0000000000
2117  27.096  -39.093  60.675 1.0000000000
4252  27.588  -41.540  56.798 1.0000000000
4253  27.894  -41.469  54.343 1.0000000000
4254  27.689  -44.020  55.251 1.0000000000
5310  28.253  -40.862  49.580 1.0000000000
8411  28.068  -36.150  52.657 1.0000000000
8412  28.005  -38.924  53.558 1.0000000000
8413  28.107  -41.238  51.903 1.0000000000
8916  27.499  -39.374  58.365 1.0000000000
8917  27.130  -41.664  59.265 1.0000000000
8919  26.594  -41.524  61.353 1.0000000000
8920  26.745  -44.036  59.688 1.0000000000
152  -20.898  21.216  -70.901 1.0000000000
1361  -20.777  25.315  -68.742 1.0000000000
1363  -24.862  21.440  -68.167 1.0000000000
1755  -16.713  24.524  -71.053 1.0000000000
3281  -20.831  23.295  -70.040 1.0000000000
3282  -22.741  23.563  -68.608 1.0000000000
3283  -22.990  21.250  -69.699 1.0000000000
3884  -16.588  26.495  -69.867 1.0000000000
3885  -14.665  25.787  -70.715 1.0000000000
3886  -14.770  23.610  -71.771 1.0000000000
7059  -22.726  25.415  -67.031 1.0000000000
7060  -24.614  23.480  -66.960 1.0000000000
7933  -18.567  26.958  -68.650 1.0000000000
7934  -18.786  25.081  -70.018 1.0000000000
7935  -18.734  22.911  -71.176 1.0000000000
7937  -16.817  22.284  -71.946 1.0000000000
1196  -38.794  -31.711  18.778 1.0000000000
1197  -38.859  -31.604  14.351 1.0000000000
1198  -38.612  -35.075  11.718 1.0000000000
3116  -38.949  -29.659  15.462 1.0000000000
3118  -38.673  -31.494  12.128 1.0000000000
5028  -38.705  -33.769  17.504 1.0000000000
5035  -38.484  -34.753  9.236 1.0000000000
5036  -38.413  -36.756  10.297 1.0000000000
5037  -38.358  -36.121  7.744 1.0000000000
6761  -38.989  -29.787  17.621 1.0000000000
6762  -38.908  -31.772  16.578 1.0000000000
6763  -38.801  -33.591  15.325 1.0000000000
6764  -38.641  -35.377  14.138 1.0000000000
6765  -38.756  -33.380  13.151 1.0000000000
6766  -38.589  -33.174  10.766 1.0000000000
9370  -38.404  -37.147  12.741 1.0000000000
467  -37.650  -8.906  25.392 1.0000000000
1020  -33.612  -13.210  31.295 1.0000000000
1021  -36.243  -12.853  28.019 1.0000000000
1022  -35.253  -8.810  29.039 1.0000000000
2941  -34.421  -10.974  30.276 1.0000000000
2942  -33.878  -9.049  30.791 1.0000000000
4498  -37.063  -10.979  26.627 1.0000000000
6442  -34.169  -15.088  30.692 1.0000000000
6443  -35.506  -15.016  29.102 1.0000000000
6444  -34.969  -12.910  29.711 1.0000000000
6445  -35.769  -10.886  28.543 1.0000000000
6446  -36.580  -8.930  27.175 1.0000000000
8743  -35.950  -6.849  27.833 1.0000000000
8744  -37.213  -6.844  25.875 1.0000000000
10  -40.821  -9.412  -30.365 1.0000000000
203  -41.313  -16.522  -31.491 1.0000000000
683  -41.175  -12.365  -31.038 1.0000000000
2289  -40.730  -12.593  -27.971 1.0000000000
2316  -41.081  -21.366  -28.067 1.0000000000
2317  -41.086  -16.556  -28.264 1.0000000000
2603  -41.007  -10.615  -30.674 1.0000000000
5146  -40.887  -23.862  -26.322 1.0000000000
5148  -40.973  -18.848  -26.589 1.0000000000
5150  -40.946  -14.630  -28.028 1.0000000000
5837  -41.272  -14.235  -31.343 1.0000000000
9267  -40.539  -9.258  -29.305 1.0000000000
9428  -40.408  -10.783  -27.831 1.0000000000
9429  -40.787  -10.746  -29.304 1.0000000000
9506  -41.221  -18.998  -29.815 1.0000000000
9508  -41.129  -18.813  -28.263 1.0000000000
9509  -41.227  -16.526  -29.895 1.0000000000
9510  -41.153  -14.373  -29.747 1.0000000000
9511  -41.000  -12.494  -29.466 1.0000000000
22  28.249  100.219  -18.737 1.0000000000
2647  29.286  97.985  -20.373 1.0000000000
2658  27.000  102.089  -20.174 1.0000000000
2659  26.769  101.780  -23.716 1.0000000000
2660  28.136  99.992  -22.144 1.0000000000
2661  29.208  97.578  -23.917 1.0000000000
5943  30.207  94.818  -25.759 1.0000000000
26  -17.924  45.438  -13.954 1.0000000000
2216  -20.173  49.690  -12.975 1.0000000000
2225  -18.484  52.734  -15.215 1.0000000000
2676  -17.085  46.710  -14.988 1.0000000000
4926  -19.543  54.635  -14.658 1.0000000000
4927  -18.803  56.340  -15.928 1.0000000000
4928  -17.666  54.015  -16.438 1.0000000000
9212  -18.997  47.530  -13.518 1.0000000000
9238  -19.254  51.145  -14.083 1.0000000000
9239  -18.126  48.960  -14.575 1.0000000000
9240  -17.372  50.398  -15.668 1.0000000000
222  -26.233  -11.452  39.162 1.0000000000
700  -21.321  -17.175  43.168 1.0000000000
701  -24.277  -15.779  40.298 1.0000000000
702  -23.183  -12.931  42.420 1.0000000000
1550  -29.405  -10.144  35.805 1.0000000000
2621  -22.293  -15.085  42.830 1.0000000000
3538  -25.308  -13.501  39.804 1.0000000000
3540  -26.840  -12.969  38.252 1.0000000000
3542  -27.824  -10.783  37.480 1.0000000000
5868  -22.748  -16.666  41.688 1.0000000000
5869  -23.792  -14.275  41.313 1.0000000000
5870  -24.734  -12.087  40.767 1.0000000000
1869  10.549  106.822  -16.620 1.0000000000
4107  11.056  106.750  -13.203 1.0000000000
4108  12.842  107.478  -16.048 1.0000000000
4109  12.287  107.315  -19.210 1.0000000000
8226  8.689  105.920  -14.050 1.0000000000
8228  9.812  106.533  -19.799 1.0000000000
1533  -32.326  28.233  14.439 1.0000000000
1534  -30.544  27.419  19.196 1.0000000000
3512  -32.634  23.305  18.969 1.0000000000
3513  -32.064  25.567  17.955 1.0000000000
3514  -31.190  24.969  20.228 1.0000000000
4420  -30.835  30.085  15.659 1.0000000000
7414  -32.980  26.068  15.495 1.0000000000
7415  -31.454  27.766  16.934 1.0000000000
1983  -40.181  -29.017  -41.892 1.0000000000
1986  -40.299  -22.534  -46.102 1.0000000000
4357  -40.731  -22.362  -44.269 1.0000000000
4358  -40.673  -19.165  -46.235 1.0000000000
8535  -39.748  -29.050  -43.860 1.0000000000
8543  -40.316  -25.812  -43.959 1.0000000000
8544  -39.776  -25.904  -45.972 1.0000000000
385  23.766  93.143  20.610 1.0000000000
883  23.234  87.687  27.645 1.0000000000
4089  24.913  90.888  22.560 1.0000000000
6196  22.305  92.597  22.116 1.0000000000
6197  23.444  90.510  24.232 1.0000000000
6198  21.972  89.773  25.673 1.0000000000
8205  24.673  88.322  25.969 1.0000000000
324  11.230  48.556  -52.164 1.0000000000
2436  14.643  47.172  -51.944 1.0000000000
5447  16.376  46.352  -51.689 1.0000000000
9866  12.979  47.969  -52.094 1.0000000000
9869  11.304  44.704  -52.439 1.0000000000
427  24.823  60.058  -49.764 1.0000000000
4299  23.226  55.969  -50.323 1.0000000000
6322  26.468  58.791  -49.018 1.0000000000
6323  25.027  55.203  -49.636 1.0000000000
1708  28.097  -25.463  43.261 1.0000000000
3805  28.070  -29.412  46.156 1.0000000000
3806  28.040  -26.074  45.303 1.0000000000
3807  28.118  -28.588  44.046 1.0000000000
7825  28.056  -22.883  44.612 1.0000000000
894  -11.220  79.804  8.981 1.0000000000
2814  -10.038  79.384  11.345 1.0000000000
7274  -8.217  81.647  11.142 1.0000000000
8250  -9.451  82.142  8.705 1.0000000000
613  -20.566  9.298  -71.403 1.0000000000
2474  -24.344  3.715  -69.236 1.0000000000
5540  -22.533  6.691  -70.412 1.0000000000
9977  -26.361  4.235  -68.549 1.0000000000
196  30.078  9.570  38.392 1.0000000000
2373  29.572  7.193  41.666 1.0000000000
9677  29.775  8.228  39.966 1.0000000000
9679  29.526  4.903  40.323 1.0000000000
9680  29.809  6.149  38.714 1.0000000000
1970  -20.802  26.274  -41.237 1.0000000000
1971  -19.582  29.372  -46.121 1.0000000000
4324  -18.659  29.581  -43.521 1.0000000000
8502  -20.174  27.915  -43.520 1.0000000000
6571  19.033  37.863  61.032 1.0000000000
6572  17.501  40.413  59.455 1.0000000000
6573  19.336  41.527  59.598 1.0000000000
2283  -38.702  -24.702  -13.695 1.0000000000
9410  -39.111  -26.830  -13.586 1.0000000000
9411  -39.294  -24.808  -15.609 1.0000000000
9419  -38.872  -22.635  -15.781 1.0000000000
257  -1.486  93.431  -36.870 1.0000000000
3652  0.176  92.401  -39.036 1.0000000000
4075  23.710  103.109  1.626 1.0000000000
4076  25.092  102.642  -0.502 1.0000000000
399  -21.765  39.746  -10.673 1.0000000000
4161  -20.654  40.965  -11.390 1.0000000000
9209  -21.900  43.049  -10.862 1.0000000000
2220  -21.058  73.777  -9.677 1.0000000000
4914  -20.097  76.640  -10.106 1.0000000000
23  37.488  45.567  10.075 1.0000000000
2826  -25.312  35.391  -8.817 1.0000000000
9203  -26.522  36.968  -8.114 1.0000000000
6533  23.737  -23.039  71.948 1.0000000000
6534  24.083  -25.699  71.336 1.0000000000
9137  1.757  97.198  -35.541 1.0000000000
5352  24.622  -62.190  -4.440 1.0000000000
5353  24.296  -61.570  -6.147 1.0000000000
1958  17.949  54.370  -51.460 1.0000000000
6773  -31.564  -19.630  -0.151 1.0000000000
6774  -32.531  -20.305  1.537 1.0000000000
7806  17.814  -99.693  4.371 1.0000000000
9316  -22.254  11.829  -24.515 1.0000000000
9276  -36.509  2.345  -31.015 1.0000000000
7497  -13.609  -31.654  43.703 1.0000000000
8113  -6.182  -11.820  60.295 1.0000000000
