#!ascii label , from subject fsaverage5 vox2ras=TkReg
705
22  28.249  100.219  -18.737 1.0000000000
53  28.181  92.571  12.472 1.0000000000
54  17.242  88.481  26.429 1.0000000000
115  31.849  64.573  23.875 1.0000000000
173  17.825  98.703  13.344 1.0000000000
247  32.001  89.709  -25.272 1.0000000000
249  31.733  90.274  -11.302 1.0000000000
250  27.727  82.772  27.466 1.0000000000
251  30.569  79.642  18.666 1.0000000000
252  29.995  69.269  32.433 1.0000000000
383  28.396  98.416  -3.273 1.0000000000
384  23.856  101.608  5.430 1.0000000000
385  23.766  93.143  20.610 1.0000000000
507  31.154  86.815  3.556 1.0000000000
508  32.942  72.366  10.272 1.0000000000
727  30.229  95.513  -22.179 1.0000000000
728  31.907  90.641  -18.394 1.0000000000
729  30.184  95.891  -15.238 1.0000000000
733  29.615  63.475  38.720 1.0000000000
880  17.742  93.887  20.233 1.0000000000
881  21.037  96.522  16.984 1.0000000000
882  20.654  91.345  23.935 1.0000000000
1108  36.675  63.683  -2.731 1.0000000000
1109  34.976  70.017  0.173 1.0000000000
1111  29.931  93.185  0.160 1.0000000000
1112  29.764  90.300  7.889 1.0000000000
1113  31.322  72.039  21.431 1.0000000000
1114  31.674  76.603  14.313 1.0000000000
1115  32.336  68.955  17.239 1.0000000000
1601  32.926  84.017  -7.199 1.0000000000
1602  28.043  87.978  20.164 1.0000000000
1603  29.601  86.274  15.777 1.0000000000
1604  29.357  81.700  23.058 1.0000000000
1606  30.952  67.332  28.164 1.0000000000
1853  28.357  99.908  -11.292 1.0000000000
1854  26.132  102.923  -6.952 1.0000000000
1855  26.269  100.831  1.093 1.0000000000
1856  26.379  97.563  9.060 1.0000000000
1857  21.023  100.831  9.644 1.0000000000
1858  23.979  97.782  13.210 1.0000000000
1859  26.238  93.630  16.587 1.0000000000
1860  25.986  88.520  24.173 1.0000000000
1861  25.475  82.893  31.138 1.0000000000
2143  27.654  57.169  48.390 1.0000000000
2163  30.128  94.916  -7.554 1.0000000000
2164  31.446  89.034  -3.862 1.0000000000
2165  32.492  82.453  -0.007 1.0000000000
2166  30.871  83.606  11.198 1.0000000000
2167  32.096  79.942  7.022 1.0000000000
2168  33.461  75.198  3.536 1.0000000000
2169  34.353  67.700  6.715 1.0000000000
2647  29.286  97.985  -20.373 1.0000000000
2648  30.237  95.802  -18.601 1.0000000000
2649  29.252  98.257  -16.960 1.0000000000
2800  17.544  91.222  23.437 1.0000000000
2801  19.271  92.898  21.896 1.0000000000
2802  18.922  89.936  25.373 1.0000000000
2803  20.386  88.465  27.267 1.0000000000
2804  18.678  87.033  28.505 1.0000000000
3033  31.608  68.452  22.538 1.0000000000
3034  31.786  70.769  19.314 1.0000000000
3035  32.094  66.768  20.579 1.0000000000
3624  32.831  87.103  -23.143 1.0000000000
3625  31.851  90.503  -14.825 1.0000000000
3627  32.510  87.565  -12.735 1.0000000000
3628  33.097  84.549  -10.717 1.0000000000
3629  32.308  87.420  -9.252 1.0000000000
3630  27.907  85.545  23.743 1.0000000000
3631  28.781  84.946  21.527 1.0000000000
3632  28.606  82.426  25.229 1.0000000000
3635  30.129  72.191  29.138 1.0000000000
3636  30.650  71.163  26.926 1.0000000000
3637  30.489  68.516  30.249 1.0000000000
3639  30.311  65.649  33.591 1.0000000000
3640  29.424  60.238  41.789 1.0000000000
4073  26.052  103.483  -10.672 1.0000000000
4075  23.710  103.109  1.626 1.0000000000
4076  25.092  102.642  -0.502 1.0000000000
4077  25.099  101.361  3.436 1.0000000000
4078  26.343  99.274  5.197 1.0000000000
4079  25.184  99.748  7.281 1.0000000000
4082  19.407  99.830  11.720 1.0000000000
4083  22.467  95.072  18.681 1.0000000000
4084  22.465  97.294  15.294 1.0000000000
4085  23.865  95.637  16.898 1.0000000000
4086  25.139  95.929  14.851 1.0000000000
4087  25.114  93.497  18.718 1.0000000000
4088  26.179  91.117  20.431 1.0000000000
4089  24.913  90.888  22.560 1.0000000000
4091  24.508  85.561  29.217 1.0000000000
4770  28.384  99.290  -7.195 1.0000000000
4771  29.343  97.468  -9.449 1.0000000000
4772  29.311  96.755  -5.465 1.0000000000
4773  30.534  90.174  2.110 1.0000000000
4774  30.731  91.038  -1.727 1.0000000000
4775  31.294  88.030  -0.094 1.0000000000
4776  31.981  85.880  -1.953 1.0000000000
4777  31.832  84.741  1.562 1.0000000000
4778  30.147  83.055  17.064 1.0000000000
4779  30.227  85.339  13.248 1.0000000000
4780  30.742  81.674  14.884 1.0000000000
4781  32.260  74.633  12.355 1.0000000000
4782  31.891  78.427  10.584 1.0000000000
4783  32.544  76.073  8.778 1.0000000000
4784  32.733  77.827  5.197 1.0000000000
4785  33.204  73.990  6.788 1.0000000000
4786  33.907  71.449  5.264 1.0000000000
4787  33.602  70.150  8.529 1.0000000000
5917  31.160  92.698  -23.637 1.0000000000
5918  32.038  90.118  -21.732 1.0000000000
5919  31.165  93.066  -20.234 1.0000000000
5920  31.082  93.308  -16.599 1.0000000000
5921  31.031  93.117  -13.217 1.0000000000
5922  27.527  79.999  30.871 1.0000000000
5923  28.441  79.780  28.692 1.0000000000
5926  29.379  70.193  34.469 1.0000000000
5927  29.809  66.593  35.514 1.0000000000
5928  29.191  67.057  37.716 1.0000000000
5929  28.958  63.924  40.858 1.0000000000
5930  28.713  60.671  43.861 1.0000000000
6191  22.375  102.983  3.980 1.0000000000
6192  17.799  96.396  16.839 1.0000000000
6193  19.497  97.754  15.161 1.0000000000
6194  19.420  95.389  18.628 1.0000000000
6195  20.946  94.089  20.435 1.0000000000
6196  22.305  92.597  22.116 1.0000000000
6197  23.444  90.510  24.232 1.0000000000
6198  21.972  89.773  25.673 1.0000000000
6603  36.109  67.516  -4.391 1.0000000000
6604  35.799  66.962  -1.216 1.0000000000
6605  35.494  65.947  2.056 1.0000000000
6606  28.326  97.466  0.537 1.0000000000
6607  29.197  96.000  -1.616 1.0000000000
6608  29.152  94.731  2.408 1.0000000000
6609  29.873  91.828  3.946 1.0000000000
6610  30.470  88.701  5.667 1.0000000000
6612  31.142  77.975  16.601 1.0000000000
6613  31.518  74.305  17.862 1.0000000000
6614  32.053  72.600  15.810 1.0000000000
6615  32.633  70.848  13.696 1.0000000000
6616  33.243  68.568  12.146 1.0000000000
6617  32.958  66.808  15.300 1.0000000000
7262  15.674  89.535  24.506 1.0000000000
7572  32.764  87.517  -19.811 1.0000000000
7578  28.180  90.344  16.212 1.0000000000
7579  28.977  89.637  13.844 1.0000000000
7580  28.877  87.347  17.861 1.0000000000
7581  29.530  83.981  19.369 1.0000000000
7582  30.010  80.643  20.960 1.0000000000
7583  29.232  79.077  26.580 1.0000000000
7587  31.136  69.808  24.773 1.0000000000
7588  31.409  66.190  25.782 1.0000000000
7593  30.184  62.666  36.476 1.0000000000
8182  27.178  102.112  -16.660 1.0000000000
8183  28.281  100.267  -15.050 1.0000000000
8184  27.166  102.116  -13.038 1.0000000000
8185  27.360  101.473  -9.128 1.0000000000
8186  27.320  100.878  -5.133 1.0000000000
8188  26.306  101.902  -2.939 1.0000000000
8189  27.394  99.829  -1.266 1.0000000000
8190  27.413  98.548  2.694 1.0000000000
8191  27.382  97.004  6.812 1.0000000000
8192  27.376  95.149  10.775 1.0000000000
8195  22.569  101.336  7.676 1.0000000000
8196  21.091  98.703  13.500 1.0000000000
8197  22.509  99.484  11.447 1.0000000000
8198  23.950  99.807  9.344 1.0000000000
8199  25.226  97.977  10.958 1.0000000000
8200  26.273  95.796  12.830 1.0000000000
8201  27.255  93.237  14.651 1.0000000000
8202  27.277  90.804  18.419 1.0000000000
8203  27.087  88.374  22.275 1.0000000000
8204  26.917  85.727  25.917 1.0000000000
8205  24.673  88.322  25.969 1.0000000000
8206  25.821  85.851  27.564 1.0000000000
8207  26.707  82.991  29.361 1.0000000000
8949  15.484  86.726  27.437 1.0000000000
8997  28.485  57.303  46.628 1.0000000000
8999  28.315  53.625  49.205 1.0000000000
9045  37.567  60.098  -4.136 1.0000000000
9051  29.296  98.039  -13.378 1.0000000000
9052  30.167  95.554  -11.535 1.0000000000
9053  30.913  92.818  -9.535 1.0000000000
9054  30.075  93.988  -3.537 1.0000000000
9055  30.801  92.121  -5.528 1.0000000000
9056  31.528  90.057  -7.655 1.0000000000
9057  32.122  86.903  -5.647 1.0000000000
9058  32.704  83.408  -3.647 1.0000000000
9060  29.654  88.501  11.895 1.0000000000
9061  30.344  87.098  9.536 1.0000000000
9062  30.962  85.484  7.485 1.0000000000
9063  31.295  80.136  12.838 1.0000000000
9064  31.475  81.910  9.016 1.0000000000
9065  31.637  83.476  5.332 1.0000000000
9066  32.275  81.431  3.450 1.0000000000
9067  32.997  78.864  1.746 1.0000000000
9070  34.646  69.062  3.507 1.0000000000
9072  33.961  66.508  10.029 1.0000000000
25  17.165  62.778  -51.249 1.0000000000
322  8.541  63.255  -50.457 1.0000000000
324  11.230  48.556  -52.164 1.0000000000
387  -5.166  97.578  -17.939 1.0000000000
389  5.281  104.559  -17.699 1.0000000000
516  12.841  77.410  -49.364 1.0000000000
517  9.325  98.899  -38.125 1.0000000000
518  16.535  90.683  -45.303 1.0000000000
802  12.955  63.173  -51.139 1.0000000000
803  10.150  56.249  -51.452 1.0000000000
804  14.147  55.742  -51.677 1.0000000000
885  -3.059  98.473  -12.488 1.0000000000
886  -0.068  101.373  -17.995 1.0000000000
887  1.903  101.947  -12.239 1.0000000000
1132  9.788  83.392  -47.374 1.0000000000
1133  7.093  103.795  -28.623 1.0000000000
1135  11.170  102.872  -33.569 1.0000000000
1139  19.665  84.514  -47.581 1.0000000000
1866  3.362  103.244  -23.393 1.0000000000
1868  6.985  104.742  -11.447 1.0000000000
1957  21.214  61.589  -50.800 1.0000000000
1958  17.949  54.370  -51.460 1.0000000000
2189  10.779  70.376  -50.105 1.0000000000
2190  15.384  70.827  -50.568 1.0000000000
2193  7.675  93.814  -41.954 1.0000000000
2195  13.173  95.470  -42.175 1.0000000000
2196  11.458  89.684  -45.357 1.0000000000
2197  14.863  84.293  -47.863 1.0000000000
2198  17.670  78.048  -49.469 1.0000000000
2199  19.784  70.294  -50.446 1.0000000000
2722  15.069  63.479  -51.232 1.0000000000
2723  13.729  59.580  -51.450 1.0000000000
2724  15.753  59.335  -51.477 1.0000000000
2805  -2.125  98.489  -9.705 1.0000000000
2806  -0.712  100.207  -12.431 1.0000000000
2807  0.294  100.198  -9.471 1.0000000000
2817  -3.596  96.394  -6.823 1.0000000000
2818  -4.595  96.513  -9.661 1.0000000000
3052  8.042  85.976  -46.078 1.0000000000
3053  9.804  104.901  -28.324 1.0000000000
3054  9.072  103.504  -31.185 1.0000000000
3059  22.810  87.614  -45.484 1.0000000000
3850  10.876  52.734  -51.823 1.0000000000
3851  9.012  52.890  -51.685 1.0000000000
3852  9.463  49.490  -52.095 1.0000000000
4097  -3.623  98.856  -20.788 1.0000000000
4098  2.521  103.016  -17.794 1.0000000000
4099  1.767  102.570  -20.613 1.0000000000
4135  -6.743  95.922  -15.074 1.0000000000
4298  21.422  57.077  -50.831 1.0000000000
4833  10.399  77.001  -49.016 1.0000000000
4834  9.621  73.604  -49.418 1.0000000000
4835  11.999  73.970  -49.822 1.0000000000
4836  13.086  70.795  -50.399 1.0000000000
4837  14.255  74.302  -50.045 1.0000000000
4841  7.299  99.955  -35.906 1.0000000000
4843  6.529  97.620  -38.220 1.0000000000
4845  8.566  96.567  -40.120 1.0000000000
4851  14.977  93.271  -43.838 1.0000000000
4852  12.161  92.687  -43.879 1.0000000000
4853  14.131  90.339  -45.409 1.0000000000
4854  13.360  87.362  -46.644 1.0000000000
4855  15.862  87.555  -46.729 1.0000000000
4856  20.985  80.997  -48.367 1.0000000000
4857  18.672  81.405  -48.631 1.0000000000
4858  20.010  77.785  -49.288 1.0000000000
4859  18.979  74.332  -50.018 1.0000000000
4860  21.208  73.874  -49.759 1.0000000000
4861  21.874  69.796  -50.130 1.0000000000
5446  16.245  50.795  -51.701 1.0000000000
6052  10.739  63.452  -50.850 1.0000000000
6053  9.428  59.718  -51.008 1.0000000000
6054  11.526  59.830  -51.277 1.0000000000
6055  12.188  56.051  -51.620 1.0000000000
6056  12.680  51.901  -51.900 1.0000000000
6201  -4.247  98.041  -15.295 1.0000000000
6202  -2.570  99.612  -18.156 1.0000000000
6203  -1.725  99.971  -15.334 1.0000000000
6204  0.942  101.775  -14.979 1.0000000000
6205  3.573  103.405  -14.929 1.0000000000
6226  -5.554  96.423  -12.361 1.0000000000
6645  8.988  79.934  -48.079 1.0000000000
6646  11.444  80.603  -48.455 1.0000000000
6650  8.226  101.879  -33.646 1.0000000000
6651  10.217  101.115  -35.807 1.0000000000
6657  18.320  87.911  -46.470 1.0000000000
6658  20.551  87.844  -46.120 1.0000000000
6659  21.955  84.549  -47.028 1.0000000000
7887  8.246  56.315  -51.185 1.0000000000
8216  -1.000  100.757  -20.882 1.0000000000
8217  0.710  101.670  -23.427 1.0000000000
8219  5.321  103.715  -26.217 1.0000000000
8220  7.890  104.960  -25.758 1.0000000000
8223  4.536  103.496  -11.905 1.0000000000
8224  6.079  104.742  -14.576 1.0000000000
8226  8.689  105.920  -14.050 1.0000000000
8227  7.895  105.800  -17.292 1.0000000000
8467  19.240  62.382  -51.093 1.0000000000
8468  17.809  58.659  -51.388 1.0000000000
8469  19.619  57.868  -51.179 1.0000000000
8470  19.826  53.502  -51.157 1.0000000000
9128  8.421  70.351  -49.581 1.0000000000
9129  9.672  66.791  -50.310 1.0000000000
9130  11.948  67.047  -50.671 1.0000000000
9131  14.091  67.166  -50.881 1.0000000000
9132  16.449  66.900  -50.977 1.0000000000
9147  11.348  97.265  -40.365 1.0000000000
9148  10.405  94.893  -42.040 1.0000000000
9149  9.531  91.944  -43.729 1.0000000000
9150  8.604  89.107  -44.950 1.0000000000
9151  10.640  86.652  -46.476 1.0000000000
9152  12.466  84.109  -47.666 1.0000000000
9153  13.778  80.999  -48.697 1.0000000000
9154  17.237  84.723  -47.758 1.0000000000
9155  16.354  81.369  -48.749 1.0000000000
9156  15.230  77.769  -49.518 1.0000000000
9157  16.634  74.475  -50.111 1.0000000000
9158  17.607  70.834  -50.567 1.0000000000
9159  18.579  66.718  -50.897 1.0000000000
9160  20.623  65.983  -50.693 1.0000000000
9864  16.118  55.309  -51.619 1.0000000000
9865  14.605  51.601  -51.834 1.0000000000
9866  12.979  47.969  -52.094 1.0000000000
440  -40.939  -15.782  -46.217 1.0000000000
441  -39.190  -2.625  -53.583 1.0000000000
608  -38.449  7.455  -49.991 1.0000000000
610  -26.437  25.807  -56.593 1.0000000000
611  -28.243  21.246  -64.302 1.0000000000
973  -41.100  -9.828  -45.705 1.0000000000
975  -40.325  -3.344  -49.077 1.0000000000
1356  -37.065  9.108  -55.223 1.0000000000
1357  -34.369  15.030  -57.675 1.0000000000
1359  -24.902  26.412  -51.859 1.0000000000
1362  -24.450  25.216  -65.215 1.0000000000
1985  -41.022  -22.409  -42.358 1.0000000000
2457  -40.366  0.200  -43.033 1.0000000000
2461  -38.994  3.045  -52.324 1.0000000000
2467  -23.641  27.623  -61.349 1.0000000000
2468  -27.601  24.131  -60.794 1.0000000000
2470  -31.950  16.097  -62.474 1.0000000000
2891  -41.171  -7.217  -43.218 1.0000000000
2892  -41.263  -9.788  -43.785 1.0000000000
2893  -41.002  -6.786  -45.467 1.0000000000
2894  -40.743  -6.433  -47.569 1.0000000000
4354  -41.228  -16.110  -44.170 1.0000000000
4356  -41.027  -19.187  -44.344 1.0000000000
4358  -40.673  -19.165  -46.235 1.0000000000
4361  -39.827  -5.885  -51.826 1.0000000000
4363  -39.112  -5.689  -53.923 1.0000000000
4364  -38.146  -5.524  -56.077 1.0000000000
4365  -38.336  -2.363  -55.773 1.0000000000
5506  -39.570  2.261  -49.878 1.0000000000
5507  -38.782  5.435  -51.216 1.0000000000
5509  -37.295  6.738  -56.200 1.0000000000
5516  -25.654  26.276  -54.361 1.0000000000
5517  -26.700  24.914  -51.749 1.0000000000
5518  -27.480  24.689  -54.027 1.0000000000
5522  -21.681  29.033  -61.325 1.0000000000
5524  -26.358  23.292  -64.944 1.0000000000
5525  -26.098  24.827  -63.032 1.0000000000
5526  -27.888  22.900  -62.785 1.0000000000
5527  -29.465  22.045  -60.430 1.0000000000
5528  -29.884  20.593  -62.003 1.0000000000
5529  -31.691  18.048  -61.214 1.0000000000
5530  -30.119  18.853  -63.484 1.0000000000
6359  -41.068  -12.640  -46.069 1.0000000000
6362  -40.350  -6.016  -49.735 1.0000000000
6363  -39.830  -2.948  -51.387 1.0000000000
7048  -37.865  8.271  -52.614 1.0000000000
7050  -35.857  12.079  -56.403 1.0000000000
7051  -34.807  12.891  -58.801 1.0000000000
7053  -23.993  26.435  -49.267 1.0000000000
7054  -23.156  27.736  -51.623 1.0000000000
7055  -23.757  27.741  -54.203 1.0000000000
7056  -24.477  27.408  -56.623 1.0000000000
7060  -24.614  23.480  -66.960 1.0000000000
7389  -41.019  -4.859  -42.484 1.0000000000
9926  -40.766  -2.515  -41.643 1.0000000000
9927  -40.686  -2.017  -43.855 1.0000000000
9935  -40.234  0.804  -45.177 1.0000000000
9938  -39.761  -0.332  -50.710 1.0000000000
9939  -39.174  0.228  -52.978 1.0000000000
9940  -38.088  6.175  -53.868 1.0000000000
9941  -38.266  3.680  -54.734 1.0000000000
9942  -38.423  0.615  -55.221 1.0000000000
9949  -25.763  24.970  -49.234 1.0000000000
9956  -23.252  28.284  -58.933 1.0000000000
9957  -25.237  26.744  -58.899 1.0000000000
9958  -24.131  26.555  -63.362 1.0000000000
9959  -25.565  26.057  -61.151 1.0000000000
9960  -27.000  25.179  -58.910 1.0000000000
9961  -28.900  23.301  -58.401 1.0000000000
9965  -33.335  15.476  -60.120 1.0000000000
197  35.545  47.150  -39.475 1.0000000000
502  37.731  56.992  -31.881 1.0000000000
521  34.399  66.809  -39.205 1.0000000000
1102  36.658  66.092  -30.737 1.0000000000
1145  35.054  71.128  -34.804 1.0000000000
1146  36.179  62.328  -35.637 1.0000000000
1507  33.504  51.230  -42.697 1.0000000000
2204  32.145  70.434  -42.732 1.0000000000
2205  33.124  60.764  -42.925 1.0000000000
2206  35.225  57.210  -39.582 1.0000000000
2207  36.938  52.897  -36.164 1.0000000000
3064  34.365  75.477  -34.205 1.0000000000
3065  35.183  73.091  -32.311 1.0000000000
3066  35.860  68.718  -32.907 1.0000000000
3472  34.594  49.269  -41.078 1.0000000000
4747  38.119  52.598  -32.232 1.0000000000
4871  33.797  71.264  -38.983 1.0000000000
4873  33.309  68.589  -41.115 1.0000000000
4874  32.704  65.684  -42.886 1.0000000000
4875  33.890  63.688  -41.172 1.0000000000
4876  34.222  59.052  -41.301 1.0000000000
4877  34.841  61.944  -39.547 1.0000000000
4878  36.958  59.847  -33.839 1.0000000000
4879  36.642  57.445  -35.929 1.0000000000
4880  37.414  55.164  -34.056 1.0000000000
4881  37.685  50.711  -34.405 1.0000000000
5827  36.436  45.650  -37.808 1.0000000000
6592  37.253  61.461  -31.396 1.0000000000
6667  33.454  77.888  -35.939 1.0000000000
6668  34.126  73.586  -36.683 1.0000000000
6669  34.818  69.181  -36.957 1.0000000000
6670  35.322  64.503  -37.515 1.0000000000
6671  35.674  66.628  -35.294 1.0000000000
6672  36.501  64.280  -33.222 1.0000000000
9173  31.594  74.851  -42.274 1.0000000000
9174  30.921  72.157  -44.099 1.0000000000
9175  31.412  67.455  -44.430 1.0000000000
9176  31.901  62.687  -44.426 1.0000000000
9177  32.129  57.796  -44.445 1.0000000000
9178  33.352  56.289  -42.890 1.0000000000
9179  34.423  54.363  -41.323 1.0000000000
9180  35.464  52.382  -39.567 1.0000000000
9181  35.781  59.816  -37.751 1.0000000000
9182  36.157  55.028  -37.821 1.0000000000
9183  36.325  50.439  -37.937 1.0000000000
9184  37.172  48.441  -36.148 1.0000000000
111  30.473  42.363  45.787 1.0000000000
500  30.106  29.320  53.313 1.0000000000
1099  29.370  29.059  57.403 1.0000000000
1122  30.937  40.963  41.387 1.0000000000
1123  30.931  33.517  41.231 1.0000000000
1124  30.669  34.928  45.513 1.0000000000
2149  30.462  28.693  48.997 1.0000000000
3040  30.590  45.376  43.566 1.0000000000
3041  30.861  44.845  41.255 1.0000000000
3042  30.720  41.859  43.561 1.0000000000
3043  30.794  38.228  43.470 1.0000000000
3044  30.600  38.576  45.778 1.0000000000
4735  28.055  32.211  59.670 1.0000000000
4736  29.805  29.066  55.408 1.0000000000
4742  30.322  29.001  51.177 1.0000000000
4744  30.327  22.133  49.712 1.0000000000
4809  31.323  35.101  37.414 1.0000000000
4810  30.751  30.796  43.124 1.0000000000
6585  28.757  28.925  59.341 1.0000000000
6589  30.243  25.741  52.624 1.0000000000
6629  31.128  36.512  39.386 1.0000000000
6630  30.955  37.241  41.410 1.0000000000
6631  30.808  34.564  43.274 1.0000000000
6632  30.667  31.344  45.154 1.0000000000
7598  30.277  46.072  45.716 1.0000000000
9007  28.820  32.499  57.888 1.0000000000
9012  30.374  39.043  47.926 1.0000000000
9013  30.507  35.397  47.692 1.0000000000
9014  30.566  31.938  47.276 1.0000000000
9015  30.546  28.602  46.985 1.0000000000
9016  30.368  25.452  50.420 1.0000000000
9017  30.437  25.404  48.398 1.0000000000
9099  31.061  32.583  39.421 1.0000000000
948  33.104  11.611  29.140 1.0000000000
949  32.457  3.317  29.838 1.0000000000
950  33.341  -2.161  27.106 1.0000000000
951  31.708  -4.457  30.424 1.0000000000
2380  31.729  -17.808  28.057 1.0000000000
2381  32.494  -23.714  24.615 1.0000000000
2390  32.851  -29.763  20.983 1.0000000000
2870  32.062  -0.645  30.195 1.0000000000
4284  32.853  18.358  30.086 1.0000000000
4285  33.614  9.113  27.795 1.0000000000
4292  32.973  -6.358  27.248 1.0000000000
5307  31.399  -21.632  28.151 1.0000000000
5308  32.131  -20.807  26.379 1.0000000000
5309  31.736  -24.707  26.499 1.0000000000
5331  32.233  -30.473  22.853 1.0000000000
6316  32.793  7.487  29.528 1.0000000000
6317  33.300  5.007  28.133 1.0000000000
6318  33.721  1.933  26.848 1.0000000000
6319  32.879  0.732  28.543 1.0000000000
6320  32.516  -3.380  28.741 1.0000000000
6321  32.119  -7.265  29.013 1.0000000000
8452  33.325  15.786  28.803 1.0000000000
9695  31.703  -11.217  29.315 1.0000000000
9697  31.322  -15.189  29.560 1.0000000000
9726  32.058  -27.458  24.686 1.0000000000
9727  32.741  -26.875  22.750 1.0000000000
14  -1.930  45.242  45.438 1.0000000000
699  -1.168  51.781  42.625 1.0000000000
1812  -2.852  38.579  47.937 1.0000000000
2615  -3.885  43.420  45.125 1.0000000000
2616  -5.308  44.920  43.524 1.0000000000
2617  -3.531  46.818  43.703 1.0000000000
2618  -3.063  50.138  42.294 1.0000000000
2619  -1.558  48.465  44.095 1.0000000000
2641  0.408  50.525  44.266 1.0000000000
2642  0.070  47.079  45.764 1.0000000000
3982  -5.267  33.715  48.560 1.0000000000
3984  -3.253  35.471  49.033 1.0000000000
4051  -1.215  37.012  49.571 1.0000000000
4052  -1.737  33.694  50.643 1.0000000000
5906  0.853  53.884  42.776 1.0000000000
8069  -4.415  40.262  46.261 1.0000000000
8070  -2.383  41.811  46.764 1.0000000000
8155  -0.471  43.679  47.040 1.0000000000
8156  -0.860  40.252  48.366 1.0000000000
8968  1.420  45.105  47.521 1.0000000000
3  5.291  92.216  13.272 1.0000000000
175  2.545  95.915  4.384 1.0000000000
655  4.157  94.128  9.296 1.0000000000
656  6.596  98.236  5.363 1.0000000000
657  2.372  89.792  13.403 1.0000000000
658  0.439  91.464  8.831 1.0000000000
1474  -1.743  92.877  3.718 1.0000000000
2040  4.716  88.633  17.154 1.0000000000
2575  4.780  93.114  11.496 1.0000000000
2577  4.023  91.217  13.288 1.0000000000
2578  3.170  92.048  11.228 1.0000000000
3405  1.704  96.786  1.617 1.0000000000
3415  1.423  93.829  6.421 1.0000000000
3416  -0.595  92.165  6.446 1.0000000000
3417  0.337  94.424  3.988 1.0000000000
3418  -0.496  95.228  1.331 1.0000000000
5787  3.457  95.140  6.854 1.0000000000
5788  4.662  97.222  4.814 1.0000000000
5789  5.337  96.201  7.372 1.0000000000
5793  1.376  90.628  11.161 1.0000000000
5794  2.358  93.041  8.820 1.0000000000
8693  3.481  89.198  15.294 1.0000000000
8694  4.976  90.633  14.979 1.0000000000
74  32.710  32.634  30.191 1.0000000000
510  32.560  48.555  27.729 1.0000000000
944  33.841  36.391  25.710 1.0000000000
2176  31.905  43.915  32.701 1.0000000000
2864  33.282  34.660  27.906 1.0000000000
2866  33.220  30.425  28.639 1.0000000000
4806  31.901  39.946  33.306 1.0000000000
9086  32.722  36.618  29.716 1.0000000000
9092  32.221  46.445  30.211 1.0000000000
9093  32.263  42.397  30.901 1.0000000000
9094  32.268  38.344  31.509 1.0000000000
309  28.180  -31.650  44.657 1.0000000000
788  28.034  -26.898  47.700 1.0000000000
1707  28.104  -20.450  46.131 1.0000000000
1708  28.097  -25.463  43.261 1.0000000000
3803  28.228  -17.921  47.430 1.0000000000
3804  28.145  -21.273  48.272 1.0000000000
3805  28.070  -29.412  46.156 1.0000000000
3806  28.040  -26.074  45.303 1.0000000000
3807  28.118  -28.588  44.046 1.0000000000
6029  28.128  -32.456  46.974 1.0000000000
7822  28.188  -17.235  45.338 1.0000000000
7823  28.112  -19.752  44.048 1.0000000000
7824  28.047  -23.810  46.760 1.0000000000
7825  28.056  -22.883  44.612 1.0000000000
569  24.341  -64.688  -4.545 1.0000000000
570  23.080  -69.604  -11.611 1.0000000000
571  24.847  -74.550  -4.775 1.0000000000
1260  24.324  -69.630  -4.589 1.0000000000
2347  23.482  -67.641  -8.117 1.0000000000
2348  23.875  -72.334  -8.446 1.0000000000
5221  23.859  -66.206  -6.301 1.0000000000
5222  24.515  -72.102  -4.755 1.0000000000
5223  24.040  -71.060  -6.578 1.0000000000
5224  24.347  -73.558  -6.767 1.0000000000
6876  24.250  -67.249  -4.565 1.0000000000
6878  24.764  -70.510  -2.802 1.0000000000
6879  25.006  -72.891  -2.669 1.0000000000
9597  23.249  -68.804  -9.798 1.0000000000
9598  23.863  -68.597  -6.473 1.0000000000
9599  23.603  -69.869  -8.255 1.0000000000
9600  23.452  -71.061  -10.033 1.0000000000
9606  25.327  -75.660  -2.903 1.0000000000
390  15.134  107.877  -15.207 1.0000000000
890  16.248  107.175  -7.997 1.0000000000
891  19.636  107.621  -12.664 1.0000000000
4112  16.972  107.983  -17.535 1.0000000000
4113  21.546  106.970  -11.546 1.0000000000
6210  15.751  107.678  -11.664 1.0000000000
6211  17.473  107.943  -14.013 1.0000000000
6212  17.939  107.599  -10.291 1.0000000000
8234  19.103  107.818  -16.242 1.0000000000
423  38.069  28.118  15.078 1.0000000000
1312  38.016  19.480  16.780 1.0000000000
5379  38.744  29.074  12.525 1.0000000000
6970  38.096  23.617  15.946 1.0000000000
6971  38.775  24.814  13.482 1.0000000000
6972  38.769  20.191  14.288 1.0000000000
1565  -8.734  -24.057  55.865 1.0000000000
1566  -12.108  -22.345  52.593 1.0000000000
1567  -13.302  -24.991  49.228 1.0000000000
3566  -11.297  -21.074  54.234 1.0000000000
3569  -14.285  -22.831  49.322 1.0000000000
3570  -14.813  -24.281  47.542 1.0000000000
4578  -9.571  -25.429  54.118 1.0000000000
7488  -9.588  -22.024  55.800 1.0000000000
7489  -10.500  -23.123  54.213 1.0000000000
7490  -11.226  -24.460  52.516 1.0000000000
7491  -13.631  -21.482  51.064 1.0000000000
7492  -12.711  -23.704  50.960 1.0000000000
7493  -11.795  -25.956  50.728 1.0000000000
1366  -24.782  10.607  -70.089 1.0000000000
1367  -20.953  15.601  -71.806 1.0000000000
5538  -22.689  10.031  -70.889 1.0000000000
7066  -26.880  10.843  -68.953 1.0000000000
7067  -24.969  13.641  -70.045 1.0000000000
7068  -22.898  13.227  -71.059 1.0000000000
7069  -20.800  12.735  -71.772 1.0000000000
9983  -18.725  14.849  -72.431 1.0000000000
2014  -35.312  29.162  1.219 1.0000000000
2015  -33.082  33.203  3.184 1.0000000000
4413  -36.188  27.147  0.371 1.0000000000
4414  -36.113  27.374  2.220 1.0000000000
4415  -33.496  31.226  6.381 1.0000000000
4416  -33.847  31.436  4.248 1.0000000000
4882  -34.404  30.526  -1.357 1.0000000000
8615  -35.347  28.871  -0.436 1.0000000000
8616  -34.425  30.934  0.396 1.0000000000
8618  -34.279  31.132  2.214 1.0000000000
8619  -33.366  32.998  1.300 1.0000000000
8620  -32.233  35.057  2.162 1.0000000000
1585  4.812  69.821  35.215 1.0000000000
4689  6.768  72.109  34.841 1.0000000000
7538  2.890  67.769  35.385 1.0000000000
7539  4.350  66.284  37.471 1.0000000000
8950  5.143  73.122  32.848 1.0000000000
8951  7.128  75.269  32.517 1.0000000000
1091  20.826  39.076  60.908 1.0000000000
1093  21.505  46.918  57.517 1.0000000000
3011  22.451  40.063  60.532 1.0000000000
3012  21.003  43.001  59.264 1.0000000000
3013  22.633  44.121  58.765 1.0000000000
6573  19.336  41.527  59.598 1.0000000000
6574  19.721  45.698  57.836 1.0000000000
2116  27.776  -34.279  59.094 1.0000000000
4659  27.508  -34.212  61.320 1.0000000000
8886  28.181  -28.548  54.906 1.0000000000
8887  28.080  -31.362  55.748 1.0000000000
8913  28.015  -31.537  58.183 1.0000000000
8914  27.944  -34.180  56.757 1.0000000000
901  -24.522  9.650  -5.899 1.0000000000
1476  -27.318  14.600  -6.092 1.0000000000
2821  -26.234  9.044  -5.188 1.0000000000
4148  -25.727  15.318  -6.687 1.0000000000
7284  -27.672  11.490  -5.281 1.0000000000
8278  -25.957  12.045  -5.950 1.0000000000
8279  -24.450  12.932  -6.584 1.0000000000
129  -39.779  -25.107  -17.441 1.0000000000
2283  -38.702  -24.702  -13.695 1.0000000000
3152  -39.876  -27.362  -17.312 1.0000000000
7755  -39.524  -27.177  -15.315 1.0000000000
9410  -39.111  -26.830  -13.586 1.0000000000
9411  -39.294  -24.808  -15.609 1.0000000000
9419  -38.872  -22.635  -15.781 1.0000000000
9420  -39.505  -22.799  -17.623 1.0000000000
1087  17.248  64.646  46.734 1.0000000000
4719  17.882  58.589  50.686 1.0000000000
8986  16.610  60.702  48.922 1.0000000000
8987  18.521  62.240  48.732 1.0000000000
2037  -6.451  77.503  18.296 1.0000000000
4473  -4.610  79.567  18.138 1.0000000000
8684  -8.261  75.391  18.344 1.0000000000
8685  -7.632  78.212  16.043 1.0000000000
465  -30.144  -25.637  33.421 1.0000000000
4485  -30.668  -27.752  32.855 1.0000000000
4486  -32.230  -27.857  31.718 1.0000000000
4487  -31.762  -25.726  32.268 1.0000000000
6437  -28.628  -25.844  34.355 1.0000000000
8708  -29.768  -23.620  33.917 1.0000000000
8711  -31.415  -23.504  32.744 1.0000000000
28  -24.425  19.416  -36.260 1.0000000000
8497  -24.192  21.314  -38.739 1.0000000000
8498  -22.630  22.953  -38.749 1.0000000000
66  -35.787  -43.277  20.052 1.0000000000
7314  -35.191  -43.269  22.313 1.0000000000
9357  -36.144  -41.502  21.503 1.0000000000
9366  -36.665  -41.476  19.282 1.0000000000
6322  26.468  58.791  -49.018 1.0000000000
6323  25.027  55.203  -49.636 1.0000000000
424  35.086  22.958  24.229 1.0000000000
8454  34.968  18.708  24.808 1.0000000000
1470  9.585  102.109  1.177 1.0000000000
3410  10.181  100.882  4.408 1.0000000000
1903  -24.647  -5.650  -3.235 1.0000000000
8318  -26.822  -8.642  -1.478 1.0000000000
8320  -26.033  -6.197  -2.180 1.0000000000
8321  -25.547  -8.127  -2.551 1.0000000000
5953  -14.561  85.910  -24.897 1.0000000000
5954  -14.704  84.298  -26.449 1.0000000000
3707  -14.684  47.096  -17.935 1.0000000000
3709  -14.043  48.258  -19.336 1.0000000000
257  -1.486  93.431  -36.870 1.0000000000
6429  -1.977  77.934  22.631 1.0000000000
5342  28.730  -56.546  12.468 1.0000000000
6898  23.508  -100.173  -0.813 1.0000000000
1904  -21.458  -67.181  16.689 1.0000000000
