#!ascii label , from subject fsaverage5 vox2ras=TkReg
753
112  35.252  74.729  -29.485 1.0000000000
197  35.545  47.150  -39.475 1.0000000000
248  34.892  78.150  -17.150 1.0000000000
261  31.607  83.953  -37.062 1.0000000000
502  37.731  56.992  -31.881 1.0000000000
521  34.399  66.809  -39.205 1.0000000000
677  37.259  44.002  -36.112 1.0000000000
728  31.907  90.641  -18.394 1.0000000000
729  30.184  95.891  -15.238 1.0000000000
1102  36.658  66.092  -30.737 1.0000000000
1103  38.015  60.376  -26.907 1.0000000000
1104  36.687  69.010  -25.348 1.0000000000
1105  34.467  78.351  -10.585 1.0000000000
1107  35.606  71.167  -6.559 1.0000000000
1108  36.675  63.683  -2.731 1.0000000000
1143  33.680  79.489  -33.351 1.0000000000
1144  33.143  75.789  -38.431 1.0000000000
1145  35.054  71.128  -34.804 1.0000000000
1146  36.179  62.328  -35.637 1.0000000000
1507  33.504  51.230  -42.697 1.0000000000
1597  33.677  82.797  -27.553 1.0000000000
1598  35.207  76.878  -23.474 1.0000000000
1599  33.605  84.124  -21.293 1.0000000000
1620  26.771  94.077  -37.929 1.0000000000
1621  28.895  87.369  -40.322 1.0000000000
2203  30.816  79.340  -41.744 1.0000000000
2205  33.124  60.764  -42.925 1.0000000000
2206  35.225  57.210  -39.582 1.0000000000
2207  36.938  52.897  -36.164 1.0000000000
2648  30.237  95.802  -18.601 1.0000000000
2649  29.252  98.257  -16.960 1.0000000000
3022  35.989  70.364  -30.242 1.0000000000
3023  36.745  67.438  -28.197 1.0000000000
3024  36.033  71.724  -27.424 1.0000000000
3025  34.226  78.023  -7.158 1.0000000000
3026  34.998  74.999  -8.448 1.0000000000
3027  34.778  74.355  -5.136 1.0000000000
3063  34.508  77.080  -31.547 1.0000000000
3064  34.365  75.477  -34.205 1.0000000000
3065  35.183  73.091  -32.311 1.0000000000
3066  35.860  68.718  -32.907 1.0000000000
3472  34.594  49.269  -41.078 1.0000000000
3474  34.493  44.132  -40.909 1.0000000000
3622  32.859  86.353  -26.534 1.0000000000
3623  33.652  83.652  -24.467 1.0000000000
3624  32.831  87.103  -23.143 1.0000000000
3660  27.072  95.981  -35.286 1.0000000000
3661  28.319  92.876  -36.507 1.0000000000
3666  32.876  85.103  -29.746 1.0000000000
4747  38.119  52.598  -32.232 1.0000000000
4749  38.407  54.196  -29.948 1.0000000000
4755  35.079  77.589  -20.325 1.0000000000
4756  35.911  73.658  -21.534 1.0000000000
4757  35.692  74.595  -18.485 1.0000000000
4765  36.308  63.066  0.577 1.0000000000
4766  37.195  59.749  -0.921 1.0000000000
4868  30.333  85.721  -38.848 1.0000000000
4869  30.000  83.387  -41.024 1.0000000000
4870  31.345  81.679  -39.418 1.0000000000
4871  33.797  71.264  -38.983 1.0000000000
4872  32.707  73.172  -40.781 1.0000000000
4873  33.309  68.589  -41.115 1.0000000000
4874  32.704  65.684  -42.886 1.0000000000
4875  33.890  63.688  -41.172 1.0000000000
4876  34.222  59.052  -41.301 1.0000000000
4877  34.841  61.944  -39.547 1.0000000000
4878  36.958  59.847  -33.839 1.0000000000
4879  36.642  57.445  -35.929 1.0000000000
4880  37.414  55.164  -34.056 1.0000000000
4881  37.685  50.711  -34.405 1.0000000000
5827  36.436  45.650  -37.808 1.0000000000
5828  35.488  42.452  -39.256 1.0000000000
5829  36.425  40.976  -37.541 1.0000000000
5918  32.038  90.118  -21.732 1.0000000000
5919  31.165  93.066  -20.234 1.0000000000
5920  31.082  93.308  -16.599 1.0000000000
5921  31.031  93.117  -13.217 1.0000000000
6592  37.253  61.461  -31.396 1.0000000000
6593  37.963  58.624  -29.370 1.0000000000
6594  37.386  63.090  -28.882 1.0000000000
6595  37.367  64.880  -26.134 1.0000000000
6596  37.336  66.007  -23.306 1.0000000000
6597  34.660  78.540  -13.948 1.0000000000
6598  35.515  74.864  -15.098 1.0000000000
6599  35.312  74.850  -11.734 1.0000000000
6600  35.847  71.544  -9.737 1.0000000000
6603  36.109  67.516  -4.391 1.0000000000
6666  32.458  79.850  -37.770 1.0000000000
6667  33.454  77.888  -35.939 1.0000000000
6668  34.126  73.586  -36.683 1.0000000000
6669  34.818  69.181  -36.957 1.0000000000
6670  35.322  64.503  -37.515 1.0000000000
6671  35.674  66.628  -35.294 1.0000000000
6672  36.501  64.280  -33.222 1.0000000000
7357  32.316  52.643  -44.211 1.0000000000
7362  34.359  39.237  -40.461 1.0000000000
7567  34.470  78.880  -28.709 1.0000000000
7568  35.240  76.042  -26.611 1.0000000000
7569  34.462  79.911  -25.739 1.0000000000
7570  34.436  80.481  -22.529 1.0000000000
7571  34.283  81.145  -19.358 1.0000000000
7572  32.764  87.517  -19.811 1.0000000000
7573  33.499  84.420  -17.988 1.0000000000
7574  34.109  81.456  -15.903 1.0000000000
7575  33.867  81.680  -12.389 1.0000000000
7576  33.695  81.316  -9.080 1.0000000000
7620  26.159  92.035  -40.507 1.0000000000
7621  27.387  88.498  -41.634 1.0000000000
7622  27.874  90.943  -39.172 1.0000000000
7623  29.384  89.352  -37.857 1.0000000000
7624  30.700  87.738  -36.143 1.0000000000
7628  32.829  83.656  -32.528 1.0000000000
7629  33.739  81.161  -30.611 1.0000000000
9033  35.945  73.081  -24.665 1.0000000000
9034  36.616  70.046  -22.420 1.0000000000
9045  37.567  60.098  -4.136 1.0000000000
9051  29.296  98.039  -13.378 1.0000000000
9169  28.479  84.655  -42.539 1.0000000000
9170  29.435  80.955  -43.103 1.0000000000
9171  30.230  76.619  -43.717 1.0000000000
9172  32.069  77.401  -40.243 1.0000000000
9173  31.594  74.851  -42.274 1.0000000000
9177  32.129  57.796  -44.445 1.0000000000
9178  33.352  56.289  -42.890 1.0000000000
9179  34.423  54.363  -41.323 1.0000000000
9180  35.464  52.382  -39.567 1.0000000000
9181  35.781  59.816  -37.751 1.0000000000
9182  36.157  55.028  -37.821 1.0000000000
9183  36.325  50.439  -37.937 1.0000000000
9184  37.172  48.441  -36.148 1.0000000000
21  26.640  70.671  40.601 1.0000000000
53  28.181  92.571  12.472 1.0000000000
250  27.727  82.772  27.466 1.0000000000
251  30.569  79.642  18.666 1.0000000000
252  29.995  69.269  32.433 1.0000000000
253  31.050  54.319  35.718 1.0000000000
254  29.248  57.095  44.530 1.0000000000
507  31.154  86.815  3.556 1.0000000000
508  32.942  72.366  10.272 1.0000000000
731  29.052  76.545  29.916 1.0000000000
732  28.689  70.432  36.670 1.0000000000
734  28.132  64.029  42.968 1.0000000000
1110  28.310  96.032  4.604 1.0000000000
1112  29.764  90.300  7.889 1.0000000000
1114  31.674  76.603  14.313 1.0000000000
1117  32.905  61.193  19.751 1.0000000000
1119  32.291  56.735  25.836 1.0000000000
1120  30.731  48.643  41.014 1.0000000000
1602  28.043  87.978  20.164 1.0000000000
1603  29.601  86.274  15.777 1.0000000000
1604  29.357  81.700  23.058 1.0000000000
1605  30.274  74.944  25.671 1.0000000000
1607  31.432  59.617  30.021 1.0000000000
1608  30.606  61.991  34.378 1.0000000000
1609  30.294  55.967  40.258 1.0000000000
1610  30.043  49.750  45.351 1.0000000000
1855  26.269  100.831  1.093 1.0000000000
1856  26.379  97.563  9.060 1.0000000000
1859  26.238  93.630  16.587 1.0000000000
2142  26.002  63.921  46.212 1.0000000000
2144  28.852  50.324  49.710 1.0000000000
2166  30.871  83.606  11.198 1.0000000000
2167  32.096  79.942  7.022 1.0000000000
2175  31.753  51.637  31.527 1.0000000000
2650  27.044  73.960  37.362 1.0000000000
2651  28.041  73.807  35.528 1.0000000000
2652  27.787  70.754  38.647 1.0000000000
2653  28.378  67.412  39.921 1.0000000000
2654  27.467  67.585  41.696 1.0000000000
3030  28.294  94.376  8.453 1.0000000000
3031  29.118  93.275  6.121 1.0000000000
3032  29.004  91.699  10.023 1.0000000000
3037  32.353  62.864  21.804 1.0000000000
3038  32.603  59.043  22.765 1.0000000000
3039  32.083  60.541  25.012 1.0000000000
3040  30.590  45.376  43.566 1.0000000000
3630  27.907  85.545  23.743 1.0000000000
3631  28.781  84.946  21.527 1.0000000000
3632  28.606  82.426  25.229 1.0000000000
3633  29.555  72.984  31.265 1.0000000000
3634  29.726  75.821  27.739 1.0000000000
3635  30.129  72.191  29.138 1.0000000000
3639  30.311  65.649  33.591 1.0000000000
3640  29.424  60.238  41.789 1.0000000000
3641  30.007  59.874  39.361 1.0000000000
3642  29.845  56.668  42.312 1.0000000000
3643  30.181  52.831  42.835 1.0000000000
3644  29.700  53.231  45.125 1.0000000000
4075  23.710  103.109  1.626 1.0000000000
4076  25.092  102.642  -0.502 1.0000000000
4077  25.099  101.361  3.436 1.0000000000
4078  26.343  99.274  5.197 1.0000000000
4085  23.865  95.637  16.898 1.0000000000
4086  25.139  95.929  14.851 1.0000000000
4087  25.114  93.497  18.718 1.0000000000
4088  26.179  91.117  20.431 1.0000000000
4777  31.832  84.741  1.562 1.0000000000
4778  30.147  83.055  17.064 1.0000000000
4779  30.227  85.339  13.248 1.0000000000
4780  30.742  81.674  14.884 1.0000000000
4781  32.260  74.633  12.355 1.0000000000
4782  31.891  78.427  10.584 1.0000000000
4783  32.544  76.073  8.778 1.0000000000
4784  32.733  77.827  5.197 1.0000000000
4785  33.204  73.990  6.788 1.0000000000
4795  32.921  50.958  25.043 1.0000000000
4800  31.241  57.153  32.785 1.0000000000
4801  31.614  55.660  30.781 1.0000000000
4802  31.399  53.255  33.483 1.0000000000
5923  28.441  79.780  28.692 1.0000000000
5924  28.293  76.806  32.125 1.0000000000
5925  28.882  73.558  33.355 1.0000000000
5926  29.379  70.193  34.469 1.0000000000
5927  29.809  66.593  35.514 1.0000000000
5930  28.713  60.671  43.861 1.0000000000
6606  28.326  97.466  0.537 1.0000000000
6608  29.152  94.731  2.408 1.0000000000
6609  29.873  91.828  3.946 1.0000000000
6610  30.470  88.701  5.667 1.0000000000
6611  31.005  75.904  19.869 1.0000000000
6612  31.142  77.975  16.601 1.0000000000
6613  31.518  74.305  17.862 1.0000000000
6614  32.053  72.600  15.810 1.0000000000
6616  33.243  68.568  12.146 1.0000000000
6621  33.143  57.203  20.945 1.0000000000
6622  32.754  55.101  24.042 1.0000000000
6623  32.435  52.683  26.862 1.0000000000
6624  30.901  51.528  38.291 1.0000000000
6625  31.212  50.427  36.183 1.0000000000
6626  31.029  47.523  38.832 1.0000000000
7578  28.180  90.344  16.212 1.0000000000
7579  28.977  89.637  13.844 1.0000000000
7580  28.877  87.347  17.861 1.0000000000
7581  29.530  83.981  19.369 1.0000000000
7582  30.010  80.643  20.960 1.0000000000
7583  29.232  79.077  26.580 1.0000000000
7584  29.898  78.311  24.254 1.0000000000
7585  30.485  77.035  22.205 1.0000000000
7586  30.837  73.514  23.469 1.0000000000
7591  31.034  61.023  32.073 1.0000000000
7592  30.862  58.046  35.093 1.0000000000
7594  30.459  58.946  37.317 1.0000000000
7595  30.670  55.342  38.068 1.0000000000
7596  30.548  52.309  40.659 1.0000000000
7597  30.427  49.091  43.196 1.0000000000
7598  30.277  46.072  45.716 1.0000000000
8189  27.394  99.829  -1.266 1.0000000000
8190  27.413  98.548  2.694 1.0000000000
8191  27.382  97.004  6.812 1.0000000000
8192  27.376  95.149  10.775 1.0000000000
8199  25.226  97.977  10.958 1.0000000000
8200  26.273  95.796  12.830 1.0000000000
8201  27.255  93.237  14.651 1.0000000000
8202  27.277  90.804  18.419 1.0000000000
8203  27.087  88.374  22.275 1.0000000000
8967  25.350  70.505  42.104 1.0000000000
8993  25.001  66.817  45.058 1.0000000000
8994  26.327  67.399  43.437 1.0000000000
8995  27.114  64.194  44.683 1.0000000000
8996  27.869  60.755  45.732 1.0000000000
8997  28.485  57.303  46.628 1.0000000000
9000  29.077  53.748  47.145 1.0000000000
9001  29.523  50.025  47.669 1.0000000000
9002  29.874  46.495  47.921 1.0000000000
9060  29.654  88.501  11.895 1.0000000000
9061  30.344  87.098  9.536 1.0000000000
9062  30.962  85.484  7.485 1.0000000000
9063  31.295  80.136  12.838 1.0000000000
9064  31.475  81.910  9.016 1.0000000000
9065  31.637  83.476  5.332 1.0000000000
9066  32.275  81.431  3.450 1.0000000000
9087  31.821  58.396  27.965 1.0000000000
9088  31.993  54.408  28.768 1.0000000000
9089  32.146  50.250  29.469 1.0000000000
9090  31.505  49.198  34.233 1.0000000000
25  17.165  62.778  -51.249 1.0000000000
118  6.072  88.000  -44.614 1.0000000000
322  8.541  63.255  -50.457 1.0000000000
324  11.230  48.556  -52.164 1.0000000000
516  12.841  77.410  -49.364 1.0000000000
802  12.955  63.173  -51.139 1.0000000000
803  10.150  56.249  -51.452 1.0000000000
804  14.147  55.742  -51.677 1.0000000000
953  24.916  49.992  -49.443 1.0000000000
1131  8.038  76.456  -48.536 1.0000000000
1132  9.788  83.392  -47.374 1.0000000000
1139  19.665  84.514  -47.581 1.0000000000
1957  21.214  61.589  -50.800 1.0000000000
1958  17.949  54.370  -51.460 1.0000000000
1959  21.533  52.554  -50.747 1.0000000000
2189  10.779  70.376  -50.105 1.0000000000
2190  15.384  70.827  -50.568 1.0000000000
2193  7.675  93.814  -41.954 1.0000000000
2196  11.458  89.684  -45.357 1.0000000000
2197  14.863  84.293  -47.863 1.0000000000
2198  17.670  78.048  -49.469 1.0000000000
2199  19.784  70.294  -50.446 1.0000000000
2436  14.643  47.172  -51.944 1.0000000000
2722  15.069  63.479  -51.232 1.0000000000
2723  13.729  59.580  -51.450 1.0000000000
2724  15.753  59.335  -51.477 1.0000000000
3051  7.283  82.551  -46.939 1.0000000000
3052  8.042  85.976  -46.078 1.0000000000
3850  10.876  52.734  -51.823 1.0000000000
3851  9.012  52.890  -51.685 1.0000000000
3852  9.463  49.490  -52.095 1.0000000000
4298  21.422  57.077  -50.831 1.0000000000
4299  23.226  55.969  -50.323 1.0000000000
4833  10.399  77.001  -49.016 1.0000000000
4834  9.621  73.604  -49.418 1.0000000000
4835  11.999  73.970  -49.822 1.0000000000
4836  13.086  70.795  -50.399 1.0000000000
4837  14.255  74.302  -50.045 1.0000000000
4845  8.566  96.567  -40.120 1.0000000000
4852  12.161  92.687  -43.879 1.0000000000
4853  14.131  90.339  -45.409 1.0000000000
4854  13.360  87.362  -46.644 1.0000000000
4855  15.862  87.555  -46.729 1.0000000000
4856  20.985  80.997  -48.367 1.0000000000
4857  18.672  81.405  -48.631 1.0000000000
4858  20.010  77.785  -49.288 1.0000000000
4859  18.979  74.332  -50.018 1.0000000000
4860  21.208  73.874  -49.759 1.0000000000
4861  21.874  69.796  -50.130 1.0000000000
5445  18.162  49.968  -51.420 1.0000000000
5446  16.245  50.795  -51.701 1.0000000000
5447  16.376  46.352  -51.689 1.0000000000
6052  10.739  63.452  -50.850 1.0000000000
6053  9.428  59.718  -51.008 1.0000000000
6054  11.526  59.830  -51.277 1.0000000000
6055  12.188  56.051  -51.620 1.0000000000
6056  12.680  51.901  -51.900 1.0000000000
6323  25.027  55.203  -49.636 1.0000000000
6645  8.988  79.934  -48.079 1.0000000000
6646  11.444  80.603  -48.455 1.0000000000
6657  18.320  87.911  -46.470 1.0000000000
7887  8.246  56.315  -51.185 1.0000000000
8467  19.240  62.382  -51.093 1.0000000000
8468  17.809  58.659  -51.388 1.0000000000
8469  19.619  57.868  -51.179 1.0000000000
8470  19.826  53.502  -51.157 1.0000000000
8471  19.828  48.716  -51.052 1.0000000000
8472  23.296  51.555  -50.170 1.0000000000
8473  21.547  47.821  -50.549 1.0000000000
9126  7.509  66.734  -49.789 1.0000000000
9128  8.421  70.351  -49.581 1.0000000000
9129  9.672  66.791  -50.310 1.0000000000
9130  11.948  67.047  -50.671 1.0000000000
9131  14.091  67.166  -50.881 1.0000000000
9132  16.449  66.900  -50.977 1.0000000000
9141  6.676  91.001  -43.348 1.0000000000
9148  10.405  94.893  -42.040 1.0000000000
9149  9.531  91.944  -43.729 1.0000000000
9150  8.604  89.107  -44.950 1.0000000000
9151  10.640  86.652  -46.476 1.0000000000
9152  12.466  84.109  -47.666 1.0000000000
9153  13.778  80.999  -48.697 1.0000000000
9154  17.237  84.723  -47.758 1.0000000000
9155  16.354  81.369  -48.749 1.0000000000
9156  15.230  77.769  -49.518 1.0000000000
9157  16.634  74.475  -50.111 1.0000000000
9158  17.607  70.834  -50.567 1.0000000000
9159  18.579  66.718  -50.897 1.0000000000
9160  20.623  65.983  -50.693 1.0000000000
9161  22.653  65.413  -50.293 1.0000000000
9864  16.118  55.309  -51.619 1.0000000000
9865  14.605  51.601  -51.834 1.0000000000
9866  12.979  47.969  -52.094 1.0000000000
9868  12.935  43.803  -52.265 1.0000000000
9869  11.304  44.704  -52.439 1.0000000000
3  5.291  92.216  13.272 1.0000000000
177  -1.356  86.498  13.511 1.0000000000
462  3.707  83.656  21.842 1.0000000000
652  7.567  95.675  10.603 1.0000000000
654  7.820  92.088  15.740 1.0000000000
655  4.157  94.128  9.296 1.0000000000
657  2.372  89.792  13.403 1.0000000000
658  0.439  91.464  8.831 1.0000000000
1014  2.733  78.020  26.681 1.0000000000
2039  0.994  85.151  17.673 1.0000000000
2040  4.716  88.633  17.154 1.0000000000
2125  7.440  87.763  20.553 1.0000000000
2572  6.297  93.782  12.114 1.0000000000
2573  7.773  94.002  13.195 1.0000000000
2574  6.417  92.255  14.280 1.0000000000
2575  4.780  93.114  11.496 1.0000000000
2576  5.876  95.027  9.841 1.0000000000
2577  4.023  91.217  13.288 1.0000000000
2578  3.170  92.048  11.228 1.0000000000
2933  0.873  76.227  26.836 1.0000000000
2934  2.229  74.938  29.101 1.0000000000
3001  4.198  77.332  28.486 1.0000000000
3002  3.739  74.127  30.965 1.0000000000
3414  -2.486  87.404  10.983 1.0000000000
3415  1.423  93.829  6.421 1.0000000000
4477  2.354  84.507  19.710 1.0000000000
4478  2.894  86.985  17.382 1.0000000000
4479  4.120  86.236  19.387 1.0000000000
4681  5.976  88.179  18.823 1.0000000000
4682  5.495  85.661  21.229 1.0000000000
5782  9.061  97.632  9.021 1.0000000000
5784  9.346  96.005  11.783 1.0000000000
5787  3.457  95.140  6.854 1.0000000000
5789  5.337  96.201  7.372 1.0000000000
5790  7.265  97.097  8.061 1.0000000000
5791  0.588  88.361  13.308 1.0000000000
5792  -0.592  88.974  11.127 1.0000000000
5793  1.376  90.628  11.161 1.0000000000
5794  2.358  93.041  8.820 1.0000000000
6432  3.211  80.825  24.341 1.0000000000
6553  5.213  83.005  23.797 1.0000000000
6554  4.764  80.250  26.183 1.0000000000
8691  -0.130  85.912  15.603 1.0000000000
8692  1.667  87.585  15.443 1.0000000000
8693  3.481  89.198  15.294 1.0000000000
8694  4.976  90.633  14.979 1.0000000000
8941  6.242  90.421  16.405 1.0000000000
8942  7.607  90.029  18.075 1.0000000000
8944  7.033  85.180  23.030 1.0000000000
152  -20.898  21.216  -70.901 1.0000000000
613  -20.566  9.298  -71.403 1.0000000000
1361  -20.777  25.315  -68.742 1.0000000000
1363  -24.862  21.440  -68.167 1.0000000000
1364  -28.848  16.659  -66.460 1.0000000000
1365  -24.943  16.709  -69.745 1.0000000000
1366  -24.782  10.607  -70.089 1.0000000000
1367  -20.953  15.601  -71.806 1.0000000000
1755  -16.713  24.524  -71.053 1.0000000000
3281  -20.831  23.295  -70.040 1.0000000000
3282  -22.741  23.563  -68.608 1.0000000000
3283  -22.990  21.250  -69.699 1.0000000000
3284  -25.025  19.171  -69.049 1.0000000000
3285  -22.851  18.906  -70.552 1.0000000000
3286  -23.042  16.113  -70.903 1.0000000000
5531  -28.969  13.977  -67.095 1.0000000000
5533  -30.691  11.055  -65.899 1.0000000000
5538  -22.689  10.031  -70.889 1.0000000000
5539  -24.703  7.212  -69.747 1.0000000000
5540  -22.533  6.691  -70.412 1.0000000000
7059  -22.726  25.415  -67.031 1.0000000000
7060  -24.614  23.480  -66.960 1.0000000000
7061  -26.573  21.424  -66.431 1.0000000000
7063  -26.989  19.125  -67.352 1.0000000000
7064  -27.013  16.690  -68.206 1.0000000000
7065  -26.968  14.075  -68.732 1.0000000000
7066  -26.880  10.843  -68.953 1.0000000000
7067  -24.969  13.641  -70.045 1.0000000000
7068  -22.898  13.227  -71.059 1.0000000000
7069  -20.800  12.735  -71.772 1.0000000000
7934  -18.786  25.081  -70.018 1.0000000000
7935  -18.734  22.911  -71.176 1.0000000000
9976  -26.569  7.665  -68.941 1.0000000000
9983  -18.725  14.849  -72.431 1.0000000000
9984  -18.705  11.902  -72.184 1.0000000000
441  -39.190  -2.625  -53.583 1.0000000000
609  -35.008  10.497  -59.908 1.0000000000
1356  -37.065  9.108  -55.223 1.0000000000
1989  -37.309  -2.181  -57.828 1.0000000000
2461  -38.994  3.045  -52.324 1.0000000000
2462  -37.452  3.990  -56.892 1.0000000000
2470  -31.950  16.097  -62.474 1.0000000000
4361  -39.827  -5.885  -51.826 1.0000000000
4363  -39.112  -5.689  -53.923 1.0000000000
4364  -38.146  -5.524  -56.077 1.0000000000
4365  -38.336  -2.363  -55.773 1.0000000000
5507  -38.782  5.435  -51.216 1.0000000000
5508  -36.130  9.812  -57.621 1.0000000000
5509  -37.295  6.738  -56.200 1.0000000000
5510  -36.295  7.395  -58.464 1.0000000000
5511  -36.467  4.315  -58.953 1.0000000000
6363  -39.830  -2.948  -51.387 1.0000000000
7048  -37.865  8.271  -52.614 1.0000000000
7051  -34.807  12.891  -58.801 1.0000000000
8552  -37.153  -5.580  -57.811 1.0000000000
8553  -36.106  -2.087  -59.729 1.0000000000
9938  -39.761  -0.332  -50.710 1.0000000000
9939  -39.174  0.228  -52.978 1.0000000000
9940  -38.088  6.175  -53.868 1.0000000000
9941  -38.266  3.680  -54.734 1.0000000000
9942  -38.423  0.615  -55.221 1.0000000000
9943  -37.425  0.918  -57.521 1.0000000000
9944  -36.372  1.224  -59.428 1.0000000000
9965  -33.335  15.476  -60.120 1.0000000000
9966  -33.568  13.295  -61.289 1.0000000000
394  -10.269  90.252  -6.762 1.0000000000
895  -3.720  93.990  -1.438 1.0000000000
897  -5.890  94.489  -6.923 1.0000000000
898  -7.973  94.287  -12.375 1.0000000000
1881  -12.406  89.594  -11.758 1.0000000000
2815  -2.516  96.221  -4.154 1.0000000000
2816  -4.859  94.266  -4.154 1.0000000000
2817  -3.596  96.394  -6.823 1.0000000000
2818  -4.595  96.513  -9.661 1.0000000000
4133  -13.347  87.593  -8.863 1.0000000000
4134  -11.366  89.959  -9.116 1.0000000000
6223  -8.184  92.320  -6.742 1.0000000000
6224  -9.306  92.223  -9.510 1.0000000000
6225  -7.085  94.338  -9.584 1.0000000000
6226  -5.554  96.423  -12.361 1.0000000000
7282  -1.567  95.747  -1.406 1.0000000000
8259  -15.218  85.110  -8.712 1.0000000000
8260  -14.230  87.306  -11.434 1.0000000000
8262  -10.286  91.943  -11.979 1.0000000000
433  -22.979  26.330  -46.457 1.0000000000
610  -26.437  25.807  -56.593 1.0000000000
1358  -21.283  29.123  -51.260 1.0000000000
1359  -24.902  26.412  -51.859 1.0000000000
1971  -19.582  29.372  -46.121 1.0000000000
2467  -23.641  27.623  -61.349 1.0000000000
4326  -18.795  30.693  -48.563 1.0000000000
5513  -23.623  24.673  -43.894 1.0000000000
5515  -24.672  24.943  -46.663 1.0000000000
5516  -25.654  26.276  -54.361 1.0000000000
5517  -26.700  24.914  -51.749 1.0000000000
5518  -27.480  24.689  -54.027 1.0000000000
5522  -21.681  29.033  -61.325 1.0000000000
7052  -22.235  27.778  -48.902 1.0000000000
7053  -23.993  26.435  -49.267 1.0000000000
7054  -23.156  27.736  -51.623 1.0000000000
7055  -23.757  27.741  -54.203 1.0000000000
7056  -24.477  27.408  -56.623 1.0000000000
8500  -21.902  26.235  -43.723 1.0000000000
8502  -20.174  27.915  -43.520 1.0000000000
8503  -21.241  27.793  -46.144 1.0000000000
8504  -20.484  29.204  -48.647 1.0000000000
9949  -25.763  24.970  -49.234 1.0000000000
9956  -23.252  28.284  -58.933 1.0000000000
9957  -25.237  26.744  -58.899 1.0000000000
9959  -25.565  26.057  -61.151 1.0000000000
9960  -27.000  25.179  -58.910 1.0000000000
542  -38.527  -35.706  16.404 1.0000000000
543  -38.313  -34.030  6.912 1.0000000000
1198  -38.612  -35.075  11.718 1.0000000000
2268  -37.494  -39.451  18.311 1.0000000000
2269  -37.966  -39.218  13.488 1.0000000000
2270  -38.148  -38.227  8.659 1.0000000000
5030  -38.337  -35.544  18.655 1.0000000000
5031  -37.761  -37.560  19.675 1.0000000000
5032  -38.091  -37.557  17.475 1.0000000000
5033  -37.772  -39.442  15.943 1.0000000000
5034  -38.293  -37.482  15.086 1.0000000000
5035  -38.484  -34.753  9.236 1.0000000000
5036  -38.413  -36.756  10.297 1.0000000000
5037  -38.358  -36.121  7.744 1.0000000000
5038  -38.178  -37.406  6.110 1.0000000000
5039  -38.264  -35.333  5.277 1.0000000000
6764  -38.641  -35.377  14.138 1.0000000000
6765  -38.756  -33.380  13.151 1.0000000000
6766  -38.589  -33.174  10.766 1.0000000000
6767  -38.358  -32.726  8.554 1.0000000000
9370  -38.404  -37.147  12.741 1.0000000000
9371  -38.112  -38.684  11.064 1.0000000000
9396  -38.060  -32.063  6.325 1.0000000000
9399  -38.114  -33.315  4.616 1.0000000000
9400  -38.157  -34.417  2.928 1.0000000000
893  -14.351  75.379  8.805 1.0000000000
1873  -17.575  64.880  12.763 1.0000000000
1875  -17.036  70.457  8.570 1.0000000000
4117  -16.333  67.498  13.030 1.0000000000
4118  -17.315  67.766  10.619 1.0000000000
4119  -16.034  70.140  11.066 1.0000000000
4120  -13.960  77.878  6.553 1.0000000000
4121  -15.464  75.539  6.372 1.0000000000
8241  -18.454  65.419  10.183 1.0000000000
8242  -18.271  68.020  8.143 1.0000000000
8243  -18.094  70.410  6.152 1.0000000000
8244  -15.791  72.960  8.619 1.0000000000
8245  -16.836  72.961  6.344 1.0000000000
8669  -16.607  64.825  14.991 1.0000000000
403  -29.457  -2.241  -0.759 1.0000000000
912  -28.602  2.854  -2.623 1.0000000000
913  -26.096  -1.675  -2.796 1.0000000000
1656  -29.305  -11.236  0.610 1.0000000000
1901  -30.768  -7.161  1.305 1.0000000000
1902  -27.562  -6.753  -1.051 1.0000000000
2833  -26.860  3.396  -3.571 1.0000000000
4177  -30.074  -4.869  0.297 1.0000000000
4178  -29.174  -6.987  0.114 1.0000000000
4179  -28.480  -4.585  -0.807 1.0000000000
4181  -25.286  -3.877  -2.918 1.0000000000
6250  -29.070  0.331  -1.678 1.0000000000
6251  -27.806  -1.987  -1.782 1.0000000000
6252  -27.254  0.573  -2.685 1.0000000000
8316  -29.890  -9.218  0.976 1.0000000000
8317  -28.326  -9.004  -0.270 1.0000000000
8318  -26.822  -8.642  -1.478 1.0000000000
8319  -26.839  -4.190  -1.904 1.0000000000
8320  -26.033  -6.197  -2.180 1.0000000000
64  -25.169  -56.253  26.075 1.0000000000
916  -26.755  -56.945  21.809 1.0000000000
1484  -26.513  -52.167  28.326 1.0000000000
1485  -28.175  -53.397  24.637 1.0000000000
1909  -29.510  -53.756  20.245 1.0000000000
2834  -24.450  -58.265  24.784 1.0000000000
2835  -25.237  -58.591  22.687 1.0000000000
2836  -25.963  -56.752  24.052 1.0000000000
2845  -24.241  -55.522  27.958 1.0000000000
2847  -23.686  -57.489  26.804 1.0000000000
4193  -28.873  -53.701  22.493 1.0000000000
7304  -25.849  -54.178  27.319 1.0000000000
7305  -26.739  -54.742  25.419 1.0000000000
7306  -27.416  -52.770  26.676 1.0000000000
7324  -24.852  -53.401  29.011 1.0000000000
8335  -27.394  -55.236  23.394 1.0000000000
8336  -28.169  -55.283  21.142 1.0000000000
453  -33.539  32.553  -0.542 1.0000000000
993  -34.735  29.406  5.169 1.0000000000
994  -33.588  29.173  9.824 1.0000000000
2014  -35.312  29.162  1.219 1.0000000000
2208  -33.159  31.259  -3.654 1.0000000000
2913  -35.078  27.118  8.510 1.0000000000
4882  -34.404  30.526  -1.357 1.0000000000
4883  -34.207  29.818  -2.882 1.0000000000
4884  -33.394  32.132  -2.246 1.0000000000
6393  -35.950  27.307  4.225 1.0000000000
6394  -35.560  27.330  6.249 1.0000000000
6395  -34.325  29.139  7.462 1.0000000000
8616  -34.425  30.934  0.396 1.0000000000
8617  -35.104  29.320  3.169 1.0000000000
8618  -34.279  31.132  2.214 1.0000000000
8619  -33.366  32.998  1.300 1.0000000000
9187  -33.821  28.884  -4.077 1.0000000000
9188  -32.664  30.031  -4.889 1.0000000000
26  -17.924  45.438  -13.954 1.0000000000
756  -16.285  48.089  -16.164 1.0000000000
2216  -20.173  49.690  -12.975 1.0000000000
2225  -18.484  52.734  -15.215 1.0000000000
2672  -17.660  41.898  -13.459 1.0000000000
2674  -16.854  43.215  -14.404 1.0000000000
2675  -16.093  44.685  -15.494 1.0000000000
2676  -17.085  46.710  -14.988 1.0000000000
4928  -17.666  54.015  -16.438 1.0000000000
8295  -18.731  43.856  -13.021 1.0000000000
9211  -19.908  46.009  -12.544 1.0000000000
9212  -18.997  47.530  -13.518 1.0000000000
9238  -19.254  51.145  -14.083 1.0000000000
9239  -18.126  48.960  -14.575 1.0000000000
9240  -17.372  50.398  -15.668 1.0000000000
9241  -16.551  51.795  -16.964 1.0000000000
949  32.457  3.317  29.838 1.0000000000
950  33.341  -2.161  27.106 1.0000000000
951  31.708  -4.457  30.424 1.0000000000
2870  32.062  -0.645  30.195 1.0000000000
4292  32.973  -6.358  27.248 1.0000000000
6317  33.300  5.007  28.133 1.0000000000
6318  33.721  1.933  26.848 1.0000000000
6319  32.879  0.732  28.543 1.0000000000
6320  32.516  -3.380  28.741 1.0000000000
6321  32.119  -7.265  29.013 1.0000000000
387  -5.166  97.578  -17.939 1.0000000000
886  -0.068  101.373  -17.995 1.0000000000
1865  -1.884  99.942  -23.338 1.0000000000
4097  -3.623  98.856  -20.788 1.0000000000
6202  -2.570  99.612  -18.156 1.0000000000
8215  -0.290  100.570  -25.918 1.0000000000
8216  -1.000  100.757  -20.882 1.0000000000
8217  0.710  101.670  -23.427 1.0000000000
2  30.063  16.553  43.195 1.0000000000
194  30.967  24.270  37.748 1.0000000000
674  30.386  19.877  40.824 1.0000000000
676  30.007  13.634  40.981 1.0000000000
2594  30.179  17.839  42.134 1.0000000000
2595  30.209  16.763  40.751 1.0000000000
2596  30.030  15.383  42.179 1.0000000000
5822  30.652  21.978  39.305 1.0000000000
5823  30.782  20.452  37.841 1.0000000000
5824  30.460  18.476  39.339 1.0000000000
5825  30.254  15.112  39.451 1.0000000000
8860  29.932  14.377  43.578 1.0000000000
9102  30.563  23.178  40.885 1.0000000000
9675  29.853  12.473  42.461 1.0000000000
98  -35.962  -26.133  28.038 1.0000000000
1194  -36.447  -30.660  26.656 1.0000000000
3112  -35.011  -28.216  29.029 1.0000000000
3113  -35.347  -30.422  28.327 1.0000000000
3114  -36.234  -28.438  27.370 1.0000000000
7693  -36.818  -23.971  26.955 1.0000000000
7694  -36.949  -26.407  26.479 1.0000000000
8715  -36.522  -21.722  27.576 1.0000000000
8716  -37.325  -19.683  26.370 1.0000000000
8717  -38.003  -17.642  25.115 1.0000000000
54  17.242  88.481  26.429 1.0000000000
2800  17.544  91.222  23.437 1.0000000000
2802  18.922  89.936  25.373 1.0000000000
2803  20.386  88.465  27.267 1.0000000000
7262  15.674  89.535  24.506 1.0000000000
8949  15.484  86.726  27.437 1.0000000000
2109  26.543  -6.946  70.432 1.0000000000
2110  27.744  -12.651  68.894 1.0000000000
4642  26.133  -10.092  71.002 1.0000000000
4643  27.198  -9.661  69.813 1.0000000000
4644  26.788  -12.762  70.355 1.0000000000
8894  27.561  -6.690  69.144 1.0000000000
8895  28.066  -9.648  68.310 1.0000000000
8903  27.215  -15.431  69.625 1.0000000000
2037  -6.451  77.503  18.296 1.0000000000
4471  -6.943  74.672  20.719 1.0000000000
8682  -9.094  69.804  22.869 1.0000000000
8683  -8.673  72.723  20.567 1.0000000000
8684  -8.261  75.391  18.344 1.0000000000
2382  28.336  -37.793  46.222 1.0000000000
5310  28.253  -40.862  49.580 1.0000000000
5311  28.239  -38.074  48.606 1.0000000000
5312  28.388  -40.569  47.069 1.0000000000
9706  28.439  -37.264  43.833 1.0000000000
2283  -38.702  -24.702  -13.695 1.0000000000
2286  -39.019  -20.614  -17.638 1.0000000000
9410  -39.111  -26.830  -13.586 1.0000000000
9411  -39.294  -24.808  -15.609 1.0000000000
9418  -38.104  -22.537  -13.868 1.0000000000
9419  -38.872  -22.635  -15.781 1.0000000000
9420  -39.505  -22.799  -17.623 1.0000000000
973  -41.100  -9.828  -45.705 1.0000000000
2891  -41.171  -7.217  -43.218 1.0000000000
2892  -41.263  -9.788  -43.785 1.0000000000
2893  -41.002  -6.786  -45.467 1.0000000000
2894  -40.743  -6.433  -47.569 1.0000000000
232  -16.291  -23.333  46.117 1.0000000000
3570  -14.813  -24.281  47.542 1.0000000000
3571  -13.745  -26.444  47.479 1.0000000000
3572  -15.255  -25.567  45.948 1.0000000000
3573  -15.571  -27.149  44.330 1.0000000000
3574  -16.638  -24.778  44.613 1.0000000000
463  -26.021  -34.169  34.554 1.0000000000
1058  -22.835  -35.064  35.617 1.0000000000
2978  -23.182  -30.851  36.293 1.0000000000
4610  -24.485  -34.424  35.108 1.0000000000
6433  -25.366  -32.241  35.087 1.0000000000
6511  -22.227  -33.062  36.248 1.0000000000
6512  -23.777  -32.734  35.661 1.0000000000
2116  27.776  -34.279  59.094 1.0000000000
4660  27.490  -36.847  59.775 1.0000000000
8914  27.944  -34.180  56.757 1.0000000000
8915  27.760  -36.750  57.604 1.0000000000
68  -12.766  -65.523  29.761 1.0000000000
3167  -11.193  -66.519  29.829 1.0000000000
7768  -12.314  -67.893  28.195 1.0000000000
8372  -14.335  -64.634  29.501 1.0000000000
9548  -10.613  -68.852  28.262 1.0000000000
569  24.341  -64.688  -4.545 1.0000000000
5219  24.005  -63.835  -6.203 1.0000000000
5221  23.859  -66.206  -6.301 1.0000000000
5353  24.296  -61.570  -6.147 1.0000000000
9095  32.257  34.569  31.900 1.0000000000
9096  31.846  32.387  33.896 1.0000000000
4114  21.138  107.266  -15.293 1.0000000000
8234  19.103  107.818  -16.242 1.0000000000
1707  28.104  -20.450  46.131 1.0000000000
7823  28.112  -19.752  44.048 1.0000000000
3678  -15.780  84.866  -22.405 1.0000000000
5953  -14.561  85.910  -24.897 1.0000000000
1586  3.700  62.837  39.345 1.0000000000
5938  25.233  103.196  -25.221 1.0000000000
