#!ascii label , from subject fsaverage5 vox2ras=TkReg
782
22  28.249  100.219  -18.737 1.0000000000
53  28.181  92.571  12.472 1.0000000000
54  17.242  88.481  26.429 1.0000000000
112  35.252  74.729  -29.485 1.0000000000
247  32.001  89.709  -25.272 1.0000000000
249  31.733  90.274  -11.302 1.0000000000
250  27.727  82.772  27.466 1.0000000000
261  31.607  83.953  -37.062 1.0000000000
384  23.856  101.608  5.430 1.0000000000
385  23.766  93.143  20.610 1.0000000000
507  31.154  86.815  3.556 1.0000000000
727  30.229  95.513  -22.179 1.0000000000
728  31.907  90.641  -18.394 1.0000000000
729  30.184  95.891  -15.238 1.0000000000
738  25.487  103.684  -21.918 1.0000000000
739  24.797  102.409  -28.772 1.0000000000
740  27.942  99.501  -25.699 1.0000000000
741  30.145  93.805  -29.082 1.0000000000
881  21.037  96.522  16.984 1.0000000000
882  20.654  91.345  23.935 1.0000000000
883  23.234  87.687  27.645 1.0000000000
891  19.636  107.621  -12.664 1.0000000000
1110  28.310  96.032  4.604 1.0000000000
1111  29.931  93.185  0.160 1.0000000000
1112  29.764  90.300  7.889 1.0000000000
1114  31.674  76.603  14.313 1.0000000000
1143  33.680  79.489  -33.351 1.0000000000
1144  33.143  75.789  -38.431 1.0000000000
1597  33.677  82.797  -27.553 1.0000000000
1598  35.207  76.878  -23.474 1.0000000000
1599  33.605  84.124  -21.293 1.0000000000
1602  28.043  87.978  20.164 1.0000000000
1603  29.601  86.274  15.777 1.0000000000
1623  31.948  87.477  -31.480 1.0000000000
1852  25.952  103.791  -14.454 1.0000000000
1853  28.357  99.908  -11.292 1.0000000000
1854  26.132  102.923  -6.952 1.0000000000
1855  26.269  100.831  1.093 1.0000000000
1856  26.379  97.563  9.060 1.0000000000
1858  23.979  97.782  13.210 1.0000000000
1859  26.238  93.630  16.587 1.0000000000
1860  25.986  88.520  24.173 1.0000000000
2164  31.446  89.034  -3.862 1.0000000000
2166  30.871  83.606  11.198 1.0000000000
2203  30.816  79.340  -41.744 1.0000000000
2204  32.145  70.434  -42.732 1.0000000000
2647  29.286  97.985  -20.373 1.0000000000
2648  30.237  95.802  -18.601 1.0000000000
2649  29.252  98.257  -16.960 1.0000000000
2658  27.000  102.089  -20.174 1.0000000000
2659  26.769  101.780  -23.716 1.0000000000
2660  28.136  99.992  -22.144 1.0000000000
2661  29.208  97.578  -23.917 1.0000000000
2801  19.271  92.898  21.896 1.0000000000
2802  18.922  89.936  25.373 1.0000000000
2803  20.386  88.465  27.267 1.0000000000
2804  18.678  87.033  28.505 1.0000000000
3030  28.294  94.376  8.453 1.0000000000
3031  29.118  93.275  6.121 1.0000000000
3032  29.004  91.699  10.023 1.0000000000
3063  34.508  77.080  -31.547 1.0000000000
3064  34.365  75.477  -34.205 1.0000000000
3065  35.183  73.091  -32.311 1.0000000000
3622  32.859  86.353  -26.534 1.0000000000
3623  33.652  83.652  -24.467 1.0000000000
3624  32.831  87.103  -23.143 1.0000000000
3625  31.851  90.503  -14.825 1.0000000000
3630  27.907  85.545  23.743 1.0000000000
3631  28.781  84.946  21.527 1.0000000000
3632  28.606  82.426  25.229 1.0000000000
3656  26.138  100.158  -30.622 1.0000000000
3663  31.138  91.921  -27.052 1.0000000000
3664  31.025  90.875  -30.391 1.0000000000
3665  31.983  88.797  -28.485 1.0000000000
3666  32.876  85.103  -29.746 1.0000000000
4073  26.052  103.483  -10.672 1.0000000000
4075  23.710  103.109  1.626 1.0000000000
4076  25.092  102.642  -0.502 1.0000000000
4077  25.099  101.361  3.436 1.0000000000
4078  26.343  99.274  5.197 1.0000000000
4079  25.184  99.748  7.281 1.0000000000
4083  22.467  95.072  18.681 1.0000000000
4084  22.465  97.294  15.294 1.0000000000
4085  23.865  95.637  16.898 1.0000000000
4086  25.139  95.929  14.851 1.0000000000
4087  25.114  93.497  18.718 1.0000000000
4088  26.179  91.117  20.431 1.0000000000
4089  24.913  90.888  22.560 1.0000000000
4113  21.546  106.970  -11.546 1.0000000000
4115  22.970  106.368  -13.906 1.0000000000
4116  24.400  105.328  -15.961 1.0000000000
4770  28.384  99.290  -7.195 1.0000000000
4771  29.343  97.468  -9.449 1.0000000000
4773  30.534  90.174  2.110 1.0000000000
4774  30.731  91.038  -1.727 1.0000000000
4775  31.294  88.030  -0.094 1.0000000000
4777  31.832  84.741  1.562 1.0000000000
4778  30.147  83.055  17.064 1.0000000000
4779  30.227  85.339  13.248 1.0000000000
4780  30.742  81.674  14.884 1.0000000000
4781  32.260  74.633  12.355 1.0000000000
4782  31.891  78.427  10.584 1.0000000000
4868  30.333  85.721  -38.848 1.0000000000
4869  30.000  83.387  -41.024 1.0000000000
4870  31.345  81.679  -39.418 1.0000000000
4872  32.707  73.172  -40.781 1.0000000000
5917  31.160  92.698  -23.637 1.0000000000
5918  32.038  90.118  -21.732 1.0000000000
5919  31.165  93.066  -20.234 1.0000000000
5920  31.082  93.308  -16.599 1.0000000000
5921  31.031  93.117  -13.217 1.0000000000
5936  23.751  104.949  -23.394 1.0000000000
5938  25.233  103.196  -25.221 1.0000000000
5939  26.439  101.197  -27.256 1.0000000000
5940  27.733  98.620  -29.132 1.0000000000
5941  28.906  95.803  -30.661 1.0000000000
5942  29.121  96.781  -27.375 1.0000000000
5943  30.207  94.818  -25.759 1.0000000000
6191  22.375  102.983  3.980 1.0000000000
6194  19.420  95.389  18.628 1.0000000000
6195  20.946  94.089  20.435 1.0000000000
6196  22.305  92.597  22.116 1.0000000000
6197  23.444  90.510  24.232 1.0000000000
6198  21.972  89.773  25.673 1.0000000000
6212  17.939  107.599  -10.291 1.0000000000
6609  29.873  91.828  3.946 1.0000000000
6610  30.470  88.701  5.667 1.0000000000
6612  31.142  77.975  16.601 1.0000000000
6614  32.053  72.600  15.810 1.0000000000
6665  32.682  81.993  -35.190 1.0000000000
6666  32.458  79.850  -37.770 1.0000000000
6667  33.454  77.888  -35.939 1.0000000000
6668  34.126  73.586  -36.683 1.0000000000
7567  34.470  78.880  -28.709 1.0000000000
7568  35.240  76.042  -26.611 1.0000000000
7569  34.462  79.911  -25.739 1.0000000000
7570  34.436  80.481  -22.529 1.0000000000
7572  32.764  87.517  -19.811 1.0000000000
7578  28.180  90.344  16.212 1.0000000000
7579  28.977  89.637  13.844 1.0000000000
7580  28.877  87.347  17.861 1.0000000000
7581  29.530  83.981  19.369 1.0000000000
7620  26.159  92.035  -40.507 1.0000000000
7621  27.387  88.498  -41.634 1.0000000000
7624  30.700  87.738  -36.143 1.0000000000
7625  29.885  92.845  -32.169 1.0000000000
7626  30.889  89.540  -33.300 1.0000000000
7627  31.838  85.817  -34.388 1.0000000000
7628  32.829  83.656  -32.528 1.0000000000
7629  33.739  81.161  -30.611 1.0000000000
8182  27.178  102.112  -16.660 1.0000000000
8183  28.281  100.267  -15.050 1.0000000000
8184  27.166  102.116  -13.038 1.0000000000
8185  27.360  101.473  -9.128 1.0000000000
8186  27.320  100.878  -5.133 1.0000000000
8187  24.966  103.759  -4.541 1.0000000000
8188  26.306  101.902  -2.939 1.0000000000
8190  27.413  98.548  2.694 1.0000000000
8191  27.382  97.004  6.812 1.0000000000
8192  27.376  95.149  10.775 1.0000000000
8195  22.569  101.336  7.676 1.0000000000
8196  21.091  98.703  13.500 1.0000000000
8197  22.509  99.484  11.447 1.0000000000
8198  23.950  99.807  9.344 1.0000000000
8199  25.226  97.977  10.958 1.0000000000
8200  26.273  95.796  12.830 1.0000000000
8201  27.255  93.237  14.651 1.0000000000
8202  27.277  90.804  18.419 1.0000000000
8203  27.087  88.374  22.275 1.0000000000
8204  26.917  85.727  25.917 1.0000000000
8205  24.673  88.322  25.969 1.0000000000
8237  24.173  105.236  -19.724 1.0000000000
8238  25.799  103.819  -18.280 1.0000000000
9051  29.296  98.039  -13.378 1.0000000000
9052  30.167  95.554  -11.535 1.0000000000
9053  30.913  92.818  -9.535 1.0000000000
9060  29.654  88.501  11.895 1.0000000000
9061  30.344  87.098  9.536 1.0000000000
9062  30.962  85.484  7.485 1.0000000000
9063  31.295  80.136  12.838 1.0000000000
9064  31.475  81.910  9.016 1.0000000000
9065  31.637  83.476  5.332 1.0000000000
9169  28.479  84.655  -42.539 1.0000000000
9170  29.435  80.955  -43.103 1.0000000000
9171  30.230  76.619  -43.717 1.0000000000
9172  32.069  77.401  -40.243 1.0000000000
9173  31.594  74.851  -42.274 1.0000000000
9174  30.921  72.157  -44.099 1.0000000000
39  -34.804  -2.070  -61.391 1.0000000000
152  -20.898  21.216  -70.901 1.0000000000
440  -40.939  -15.782  -46.217 1.0000000000
441  -39.190  -2.625  -53.583 1.0000000000
609  -35.008  10.497  -59.908 1.0000000000
610  -26.437  25.807  -56.593 1.0000000000
612  -28.766  11.198  -67.610 1.0000000000
613  -20.566  9.298  -71.403 1.0000000000
973  -41.100  -9.828  -45.705 1.0000000000
975  -40.325  -3.344  -49.077 1.0000000000
1356  -37.065  9.108  -55.223 1.0000000000
1357  -34.369  15.030  -57.675 1.0000000000
1360  -22.619  28.788  -56.704 1.0000000000
1364  -28.848  16.659  -66.460 1.0000000000
1365  -24.943  16.709  -69.745 1.0000000000
1366  -24.782  10.607  -70.089 1.0000000000
1367  -20.953  15.601  -71.806 1.0000000000
1983  -40.181  -29.017  -41.892 1.0000000000
1985  -41.022  -22.409  -42.358 1.0000000000
1986  -40.299  -22.534  -46.102 1.0000000000
1989  -37.309  -2.181  -57.828 1.0000000000
2463  -35.185  4.569  -61.085 1.0000000000
2467  -23.641  27.623  -61.349 1.0000000000
2468  -27.601  24.131  -60.794 1.0000000000
2470  -31.950  16.097  -62.474 1.0000000000
2471  -32.286  10.947  -64.117 1.0000000000
2472  -32.095  4.618  -64.752 1.0000000000
2473  -28.325  4.520  -67.584 1.0000000000
2474  -24.344  3.715  -69.236 1.0000000000
2891  -41.171  -7.217  -43.218 1.0000000000
2892  -41.263  -9.788  -43.785 1.0000000000
2893  -41.002  -6.786  -45.467 1.0000000000
2894  -40.743  -6.433  -47.569 1.0000000000
3283  -22.990  21.250  -69.699 1.0000000000
3284  -25.025  19.171  -69.049 1.0000000000
3285  -22.851  18.906  -70.552 1.0000000000
3286  -23.042  16.113  -70.903 1.0000000000
4354  -41.228  -16.110  -44.170 1.0000000000
4355  -41.273  -19.125  -42.397 1.0000000000
4356  -41.027  -19.187  -44.344 1.0000000000
4357  -40.731  -22.362  -44.269 1.0000000000
4358  -40.673  -19.165  -46.235 1.0000000000
4361  -39.827  -5.885  -51.826 1.0000000000
4363  -39.112  -5.689  -53.923 1.0000000000
4364  -38.146  -5.524  -56.077 1.0000000000
4365  -38.336  -2.363  -55.773 1.0000000000
5507  -38.782  5.435  -51.216 1.0000000000
5508  -36.130  9.812  -57.621 1.0000000000
5509  -37.295  6.738  -56.200 1.0000000000
5510  -36.295  7.395  -58.464 1.0000000000
5511  -36.467  4.315  -58.953 1.0000000000
5512  -35.197  7.648  -60.562 1.0000000000
5516  -25.654  26.276  -54.361 1.0000000000
5518  -27.480  24.689  -54.027 1.0000000000
5520  -28.275  24.120  -56.292 1.0000000000
5522  -21.681  29.033  -61.325 1.0000000000
5525  -26.098  24.827  -63.032 1.0000000000
5526  -27.888  22.900  -62.785 1.0000000000
5527  -29.465  22.045  -60.430 1.0000000000
5528  -29.884  20.593  -62.003 1.0000000000
5529  -31.691  18.048  -61.214 1.0000000000
5531  -28.969  13.977  -67.095 1.0000000000
5532  -30.710  13.811  -65.314 1.0000000000
5533  -30.691  11.055  -65.899 1.0000000000
5534  -32.201  7.952  -64.613 1.0000000000
5535  -30.433  8.146  -66.324 1.0000000000
5537  -28.569  8.018  -67.765 1.0000000000
5538  -22.689  10.031  -70.889 1.0000000000
5539  -24.703  7.212  -69.747 1.0000000000
5540  -22.533  6.691  -70.412 1.0000000000
6358  -41.304  -12.967  -43.980 1.0000000000
6359  -41.068  -12.640  -46.069 1.0000000000
6361  -40.763  -9.305  -47.985 1.0000000000
6362  -40.350  -6.016  -49.735 1.0000000000
6363  -39.830  -2.948  -51.387 1.0000000000
7048  -37.865  8.271  -52.614 1.0000000000
7050  -35.857  12.079  -56.403 1.0000000000
7051  -34.807  12.891  -58.801 1.0000000000
7056  -24.477  27.408  -56.623 1.0000000000
7063  -26.989  19.125  -67.352 1.0000000000
7064  -27.013  16.690  -68.206 1.0000000000
7065  -26.968  14.075  -68.732 1.0000000000
7066  -26.880  10.843  -68.953 1.0000000000
7067  -24.969  13.641  -70.045 1.0000000000
7068  -22.898  13.227  -71.059 1.0000000000
7069  -20.800  12.735  -71.772 1.0000000000
7389  -41.019  -4.859  -42.484 1.0000000000
7935  -18.734  22.911  -71.176 1.0000000000
7937  -16.817  22.284  -71.946 1.0000000000
8542  -40.681  -25.567  -42.152 1.0000000000
8543  -40.316  -25.812  -43.959 1.0000000000
8552  -37.153  -5.580  -57.811 1.0000000000
8553  -36.106  -2.087  -59.729 1.0000000000
9940  -38.088  6.175  -53.868 1.0000000000
9943  -37.425  0.918  -57.521 1.0000000000
9944  -36.372  1.224  -59.428 1.0000000000
9945  -35.065  1.459  -61.342 1.0000000000
9955  -21.199  29.686  -59.020 1.0000000000
9956  -23.252  28.284  -58.933 1.0000000000
9957  -25.237  26.744  -58.899 1.0000000000
9958  -24.131  26.555  -63.362 1.0000000000
9959  -25.565  26.057  -61.151 1.0000000000
9960  -27.000  25.179  -58.910 1.0000000000
9961  -28.900  23.301  -58.401 1.0000000000
9965  -33.335  15.476  -60.120 1.0000000000
9966  -33.568  13.295  -61.289 1.0000000000
9968  -32.201  13.669  -63.407 1.0000000000
9969  -33.765  10.700  -62.090 1.0000000000
9970  -33.840  7.909  -62.618 1.0000000000
9971  -33.669  4.802  -63.087 1.0000000000
9972  -33.596  1.273  -63.052 1.0000000000
9976  -26.569  7.665  -68.941 1.0000000000
9977  -26.361  4.235  -68.549 1.0000000000
96  1.704  71.966  31.247 1.0000000000
177  -1.356  86.498  13.511 1.0000000000
393  -13.479  80.569  3.907 1.0000000000
462  3.707  83.656  21.842 1.0000000000
655  4.157  94.128  9.296 1.0000000000
656  6.596  98.236  5.363 1.0000000000
657  2.372  89.792  13.403 1.0000000000
658  0.439  91.464  8.831 1.0000000000
893  -14.351  75.379  8.805 1.0000000000
894  -11.220  79.804  8.981 1.0000000000
1013  -0.079  79.894  22.406 1.0000000000
1014  2.733  78.020  26.681 1.0000000000
1081  6.670  82.372  25.618 1.0000000000
1082  5.749  76.444  30.475 1.0000000000
1472  -7.493  84.266  8.706 1.0000000000
1473  -3.648  88.139  8.493 1.0000000000
1545  0.772  65.689  35.381 1.0000000000
1585  4.812  69.821  35.215 1.0000000000
1586  3.700  62.837  39.345 1.0000000000
2036  -7.436  71.804  22.993 1.0000000000
2037  -6.451  77.503  18.296 1.0000000000
2038  -2.625  81.436  18.207 1.0000000000
2039  0.994  85.151  17.673 1.0000000000
2040  4.716  88.633  17.154 1.0000000000
2125  7.440  87.763  20.553 1.0000000000
2126  10.443  86.483  24.340 1.0000000000
2576  5.876  95.027  9.841 1.0000000000
2578  3.170  92.048  11.228 1.0000000000
2813  -11.772  77.124  11.354 1.0000000000
2814  -10.038  79.384  11.345 1.0000000000
2933  0.873  76.227  26.836 1.0000000000
2934  2.229  74.938  29.101 1.0000000000
3001  4.198  77.332  28.486 1.0000000000
3002  3.739  74.127  30.965 1.0000000000
3408  8.536  98.931  6.301 1.0000000000
3410  10.181  100.882  4.408 1.0000000000
3412  -3.295  84.898  13.295 1.0000000000
3413  -4.426  85.598  11.003 1.0000000000
3414  -2.486  87.404  10.983 1.0000000000
3601  2.243  64.302  37.371 1.0000000000
4120  -13.960  77.878  6.553 1.0000000000
4126  -8.728  84.716  6.235 1.0000000000
4471  -6.943  74.672  20.719 1.0000000000
4472  -5.091  76.835  20.579 1.0000000000
4473  -4.610  79.567  18.138 1.0000000000
4474  -3.359  78.698  20.451 1.0000000000
4475  1.883  81.841  22.155 1.0000000000
4476  0.507  82.592  20.090 1.0000000000
4477  2.354  84.507  19.710 1.0000000000
4478  2.894  86.985  17.382 1.0000000000
4479  4.120  86.236  19.387 1.0000000000
4681  5.976  88.179  18.823 1.0000000000
4682  5.495  85.661  21.229 1.0000000000
4684  8.491  84.411  24.992 1.0000000000
4688  6.208  68.659  37.070 1.0000000000
4689  6.768  72.109  34.841 1.0000000000
5782  9.061  97.632  9.021 1.0000000000
5787  3.457  95.140  6.854 1.0000000000
5789  5.337  96.201  7.372 1.0000000000
5790  7.265  97.097  8.061 1.0000000000
5791  0.588  88.361  13.308 1.0000000000
5792  -0.592  88.974  11.127 1.0000000000
5793  1.376  90.628  11.161 1.0000000000
5794  2.358  93.041  8.820 1.0000000000
6215  -14.742  72.673  11.039 1.0000000000
6216  -13.311  74.947  11.223 1.0000000000
6217  -12.780  77.798  8.843 1.0000000000
6218  -12.307  80.431  6.301 1.0000000000
6429  -1.977  77.934  22.631 1.0000000000
6430  -0.603  77.086  24.750 1.0000000000
6431  1.306  78.988  24.552 1.0000000000
6432  3.211  80.825  24.341 1.0000000000
6553  5.213  83.005  23.797 1.0000000000
6554  4.764  80.250  26.183 1.0000000000
7274  -8.217  81.647  11.142 1.0000000000
7276  -5.670  86.013  8.814 1.0000000000
7278  -1.537  89.840  8.743 1.0000000000
7537  3.234  70.822  33.310 1.0000000000
7538  2.890  67.769  35.385 1.0000000000
7539  4.350  66.284  37.471 1.0000000000
8250  -9.451  82.142  8.705 1.0000000000
8251  -10.583  82.582  6.307 1.0000000000
8252  -11.650  83.070  3.746 1.0000000000
8682  -9.094  69.804  22.869 1.0000000000
8683  -8.673  72.723  20.567 1.0000000000
8684  -8.261  75.391  18.344 1.0000000000
8688  -2.141  83.986  15.748 1.0000000000
8689  -1.486  80.645  20.265 1.0000000000
8690  -0.825  83.368  17.889 1.0000000000
8691  -0.130  85.912  15.603 1.0000000000
8692  1.667  87.585  15.443 1.0000000000
8693  3.481  89.198  15.294 1.0000000000
8943  9.228  89.605  19.930 1.0000000000
8944  7.033  85.180  23.030 1.0000000000
8945  8.901  87.142  22.435 1.0000000000
8950  5.143  73.122  32.848 1.0000000000
8951  7.128  75.269  32.517 1.0000000000
74  32.710  32.634  30.191 1.0000000000
115  31.849  64.573  23.875 1.0000000000
194  30.967  24.270  37.748 1.0000000000
944  33.841  36.391  25.710 1.0000000000
1119  32.291  56.735  25.836 1.0000000000
1502  31.714  28.251  34.319 1.0000000000
1607  31.432  59.617  30.021 1.0000000000
2175  31.753  51.637  31.527 1.0000000000
2176  31.905  43.915  32.701 1.0000000000
2177  31.891  36.093  33.642 1.0000000000
2178  31.240  31.352  37.541 1.0000000000
2179  30.696  26.335  41.186 1.0000000000
2864  33.282  34.660  27.906 1.0000000000
2865  33.834  32.442  26.458 1.0000000000
2866  33.220  30.425  28.639 1.0000000000
3037  32.353  62.864  21.804 1.0000000000
3038  32.603  59.043  22.765 1.0000000000
3039  32.083  60.541  25.012 1.0000000000
3464  31.324  26.212  36.036 1.0000000000
3465  31.617  24.456  34.411 1.0000000000
3466  31.159  22.521  36.250 1.0000000000
4800  31.241  57.153  32.785 1.0000000000
4801  31.614  55.660  30.781 1.0000000000
4802  31.399  53.255  33.483 1.0000000000
4804  31.575  45.574  34.688 1.0000000000
4805  31.599  41.481  35.171 1.0000000000
4806  31.901  39.946  33.306 1.0000000000
4807  31.611  37.474  35.328 1.0000000000
4808  31.548  33.671  35.651 1.0000000000
7346  32.194  30.586  32.296 1.0000000000
7347  32.624  28.534  30.733 1.0000000000
7589  31.632  62.178  27.046 1.0000000000
7590  31.216  63.801  28.946 1.0000000000
7591  31.034  61.023  32.073 1.0000000000
9086  32.722  36.618  29.716 1.0000000000
9087  31.821  58.396  27.965 1.0000000000
9088  31.993  54.408  28.768 1.0000000000
9089  32.146  50.250  29.469 1.0000000000
9090  31.505  49.198  34.233 1.0000000000
9091  31.828  47.800  32.288 1.0000000000
9092  32.221  46.445  30.211 1.0000000000
9093  32.263  42.397  30.901 1.0000000000
9094  32.268  38.344  31.509 1.0000000000
9095  32.257  34.569  31.900 1.0000000000
9096  31.846  32.387  33.896 1.0000000000
9097  31.456  29.995  35.853 1.0000000000
9098  31.103  27.739  37.741 1.0000000000
9100  30.945  28.876  39.460 1.0000000000
9101  30.813  25.505  39.375 1.0000000000
518  16.535  90.683  -45.303 1.0000000000
519  22.193  77.414  -48.907 1.0000000000
1138  21.477  90.569  -44.495 1.0000000000
1139  19.665  84.514  -47.581 1.0000000000
1140  24.075  83.841  -46.441 1.0000000000
1141  26.110  75.875  -47.629 1.0000000000
2197  14.863  84.293  -47.863 1.0000000000
2198  17.670  78.048  -49.469 1.0000000000
3059  22.810  87.614  -45.484 1.0000000000
3060  24.787  86.938  -44.758 1.0000000000
3061  25.998  83.191  -45.542 1.0000000000
4851  14.977  93.271  -43.838 1.0000000000
4853  14.131  90.339  -45.409 1.0000000000
4854  13.360  87.362  -46.644 1.0000000000
4855  15.862  87.555  -46.729 1.0000000000
4856  20.985  80.997  -48.367 1.0000000000
4857  18.672  81.405  -48.631 1.0000000000
4858  20.010  77.785  -49.288 1.0000000000
4863  27.890  74.709  -46.661 1.0000000000
4864  26.971  71.600  -47.885 1.0000000000
4865  28.600  70.308  -46.902 1.0000000000
6657  18.320  87.911  -46.470 1.0000000000
6658  20.551  87.844  -46.120 1.0000000000
6659  21.955  84.549  -47.028 1.0000000000
6660  23.108  80.689  -47.841 1.0000000000
6661  24.235  76.564  -48.402 1.0000000000
6662  25.147  79.892  -47.166 1.0000000000
6663  27.003  79.201  -46.179 1.0000000000
9154  17.237  84.723  -47.758 1.0000000000
9155  16.354  81.369  -48.749 1.0000000000
465  -30.144  -25.637  33.421 1.0000000000
466  -34.568  -17.172  30.226 1.0000000000
467  -37.650  -8.906  25.392 1.0000000000
1021  -36.243  -12.853  28.019 1.0000000000
1022  -35.253  -8.810  29.039 1.0000000000
1192  -34.112  -30.241  29.792 1.0000000000
2044  -31.221  -29.854  32.279 1.0000000000
2045  -33.342  -25.723  30.963 1.0000000000
2047  -32.526  -21.385  32.033 1.0000000000
2048  -35.330  -21.522  29.180 1.0000000000
2049  -37.020  -17.394  26.952 1.0000000000
2050  -38.327  -13.280  24.376 1.0000000000
2058  -36.622  -4.767  26.489 1.0000000000
2941  -34.421  -10.974  30.276 1.0000000000
2942  -33.878  -9.049  30.791 1.0000000000
3112  -35.011  -28.216  29.029 1.0000000000
4484  -29.664  -29.920  33.270 1.0000000000
4485  -30.668  -27.752  32.855 1.0000000000
4486  -32.230  -27.857  31.718 1.0000000000
4487  -31.762  -25.726  32.268 1.0000000000
4491  -33.113  -17.070  31.760 1.0000000000
4494  -33.967  -21.261  30.694 1.0000000000
4495  -35.011  -19.320  29.659 1.0000000000
4496  -36.232  -19.530  28.097 1.0000000000
4498  -37.063  -10.979  26.627 1.0000000000
4499  -37.385  -13.215  26.241 1.0000000000
4500  -38.022  -11.088  24.899 1.0000000000
4519  -35.367  -4.944  28.355 1.0000000000
6442  -34.169  -15.088  30.692 1.0000000000
6443  -35.506  -15.016  29.102 1.0000000000
6444  -34.969  -12.910  29.711 1.0000000000
6445  -35.769  -10.886  28.543 1.0000000000
6446  -36.580  -8.930  27.175 1.0000000000
8704  -33.747  -27.868  30.404 1.0000000000
8705  -34.757  -25.830  29.546 1.0000000000
8711  -31.415  -23.504  32.744 1.0000000000
8712  -32.962  -23.562  31.473 1.0000000000
8713  -34.359  -23.447  30.151 1.0000000000
8718  -36.652  -15.080  27.517 1.0000000000
8719  -37.706  -15.333  25.732 1.0000000000
8720  -38.547  -15.459  23.863 1.0000000000
8741  -33.164  -7.303  31.486 1.0000000000
8742  -34.599  -6.899  29.668 1.0000000000
8743  -35.950  -6.849  27.833 1.0000000000
8744  -37.213  -6.844  25.875 1.0000000000
8747  -38.267  -6.823  23.907 1.0000000000
394  -10.269  90.252  -6.762 1.0000000000
898  -7.973  94.287  -12.375 1.0000000000
1881  -12.406  89.594  -11.758 1.0000000000
3675  -15.060  86.723  -13.673 1.0000000000
4132  -12.377  87.810  -6.449 1.0000000000
4133  -13.347  87.593  -8.863 1.0000000000
4134  -11.366  89.959  -9.116 1.0000000000
4135  -6.743  95.922  -15.074 1.0000000000
4136  -9.081  93.736  -14.842 1.0000000000
4137  -7.643  95.438  -17.783 1.0000000000
6223  -8.184  92.320  -6.742 1.0000000000
6224  -9.306  92.223  -9.510 1.0000000000
6225  -7.085  94.338  -9.584 1.0000000000
6226  -5.554  96.423  -12.361 1.0000000000
8259  -15.218  85.110  -8.712 1.0000000000
8260  -14.230  87.306  -11.434 1.0000000000
8261  -13.271  89.146  -14.324 1.0000000000
8262  -10.286  91.943  -11.979 1.0000000000
8263  -11.222  91.511  -14.537 1.0000000000
8264  -12.174  90.765  -16.808 1.0000000000
992  -36.318  25.183  7.455 1.0000000000
994  -33.588  29.173  9.824 1.0000000000
1533  -32.326  28.233  14.439 1.0000000000
1534  -30.544  27.419  19.196 1.0000000000
2017  -30.734  32.828  12.298 1.0000000000
2912  -35.742  25.040  9.744 1.0000000000
2913  -35.078  27.118  8.510 1.0000000000
2914  -34.463  26.867  10.804 1.0000000000
3512  -32.634  23.305  18.969 1.0000000000
3513  -32.064  25.567  17.955 1.0000000000
3514  -31.190  24.969  20.228 1.0000000000
4420  -30.835  30.085  15.659 1.0000000000
4421  -31.549  30.577  13.315 1.0000000000
4422  -29.985  32.511  14.664 1.0000000000
5853  -30.260  24.369  22.452 1.0000000000
6396  -32.923  31.170  8.542 1.0000000000
7413  -33.790  26.432  13.170 1.0000000000
7414  -32.980  26.068  15.495 1.0000000000
7415  -31.454  27.766  16.934 1.0000000000
7416  -29.969  29.594  18.157 1.0000000000
7417  -29.699  26.777  21.473 1.0000000000
8623  -33.078  28.620  12.073 1.0000000000
8624  -32.239  30.913  11.013 1.0000000000
8626  -29.195  34.658  13.816 1.0000000000
8627  -29.910  34.975  11.400 1.0000000000
109  13.464  60.685  47.225 1.0000000000
1087  17.248  64.646  46.734 1.0000000000
1092  18.021  44.328  57.942 1.0000000000
2138  15.157  48.976  54.455 1.0000000000
2139  16.067  56.692  50.974 1.0000000000
3007  15.354  62.609  47.131 1.0000000000
4715  16.606  46.909  56.161 1.0000000000
4716  17.120  50.693  54.572 1.0000000000
4717  15.714  53.002  52.756 1.0000000000
6572  17.501  40.413  59.455 1.0000000000
8980  16.259  42.946  57.802 1.0000000000
8981  14.830  45.071  56.101 1.0000000000
8985  14.713  58.655  49.153 1.0000000000
8986  16.610  60.702  48.922 1.0000000000
55  -1.239  98.246  -6.820 1.0000000000
1468  3.489  101.405  -6.327 1.0000000000
2805  -2.125  98.489  -9.705 1.0000000000
2807  0.294  100.198  -9.471 1.0000000000
4103  5.932  102.777  -5.919 1.0000000000
4104  5.156  103.179  -8.888 1.0000000000
7263  -0.225  97.895  -3.887 1.0000000000
7264  1.199  99.909  -6.478 1.0000000000
7265  2.016  99.449  -3.687 1.0000000000
8222  2.674  101.760  -9.296 1.0000000000
280  -26.577  -10.427  -1.860 1.0000000000
913  -26.096  -1.675  -2.796 1.0000000000
1656  -29.305  -11.236  0.610 1.0000000000
1902  -27.562  -6.753  -1.051 1.0000000000
1903  -24.647  -5.650  -3.235 1.0000000000
3720  -27.860  -10.774  -0.664 1.0000000000
4178  -29.174  -6.987  0.114 1.0000000000
4179  -28.480  -4.585  -0.807 1.0000000000
4181  -25.286  -3.877  -2.918 1.0000000000
7704  -30.754  -11.494  1.896 1.0000000000
8316  -29.890  -9.218  0.976 1.0000000000
8317  -28.326  -9.004  -0.270 1.0000000000
8318  -26.822  -8.642  -1.478 1.0000000000
8319  -26.839  -4.190  -1.904 1.0000000000
8320  -26.033  -6.197  -2.180 1.0000000000
8321  -25.547  -8.127  -2.551 1.0000000000
8322  -24.384  -7.479  -3.612 1.0000000000
1812  -2.852  38.579  47.937 1.0000000000
1844  0.105  35.045  51.168 1.0000000000
3982  -5.267  33.715  48.560 1.0000000000
3984  -3.253  35.471  49.033 1.0000000000
4051  -1.215  37.012  49.571 1.0000000000
4052  -1.737  33.694  50.643 1.0000000000
8156  -0.860  40.252  48.366 1.0000000000
8157  0.691  38.509  50.052 1.0000000000
281  -31.324  -18.533  0.789 1.0000000000
2275  -33.564  -19.394  4.072 1.0000000000
2276  -35.640  -23.295  5.939 1.0000000000
5048  -31.259  -17.147  1.614 1.0000000000
5050  -32.412  -18.944  2.445 1.0000000000
5052  -34.713  -22.859  4.078 1.0000000000
5053  -35.772  -24.814  4.990 1.0000000000
5054  -36.547  -25.304  6.851 1.0000000000
6773  -31.564  -19.630  -0.151 1.0000000000
6774  -32.531  -20.305  1.537 1.0000000000
7711  -30.235  -17.725  -0.761 1.0000000000
9384  -37.967  -25.831  10.920 1.0000000000
9388  -33.552  -20.864  3.219 1.0000000000
9392  -37.255  -25.428  8.843 1.0000000000
9393  -37.921  -27.462  10.000 1.0000000000
2381  32.494  -23.714  24.615 1.0000000000
5309  31.736  -24.707  26.499 1.0000000000
9726  32.058  -27.458  24.686 1.0000000000
9727  32.741  -26.875  22.750 1.0000000000
9728  33.445  -26.203  20.787 1.0000000000
9729  33.481  -29.148  18.970 1.0000000000
9730  33.379  -32.167  16.990 1.0000000000
267  -15.895  83.500  -24.074 1.0000000000
746  -15.447  86.150  -20.582 1.0000000000
1631  -17.478  83.075  -15.455 1.0000000000
3678  -15.780  84.866  -22.405 1.0000000000
5952  -14.156  87.476  -23.240 1.0000000000
5953  -14.561  85.910  -24.897 1.0000000000
5954  -14.704  84.298  -26.449 1.0000000000
7646  -16.466  84.827  -17.975 1.0000000000
64  -25.169  -56.253  26.075 1.0000000000
916  -26.755  -56.945  21.809 1.0000000000
925  -23.309  -54.558  29.548 1.0000000000
2836  -25.963  -56.752  24.052 1.0000000000
2845  -24.241  -55.522  27.958 1.0000000000
2847  -23.686  -57.489  26.804 1.0000000000
7304  -25.849  -54.178  27.319 1.0000000000
7305  -26.739  -54.742  25.419 1.0000000000
7324  -24.852  -53.401  29.011 1.0000000000
8335  -27.394  -55.236  23.394 1.0000000000
8336  -28.169  -55.283  21.142 1.0000000000
204  -41.503  -16.346  -38.410 1.0000000000
1518  -41.324  -21.847  -34.828 1.0000000000
1984  -41.328  -22.038  -38.532 1.0000000000
4351  -41.450  -19.091  -36.618 1.0000000000
4352  -41.362  -21.672  -36.747 1.0000000000
4353  -41.463  -18.902  -38.638 1.0000000000
7386  -41.480  -13.576  -38.153 1.0000000000
8536  -41.170  -24.547  -34.913 1.0000000000
8537  -41.161  -24.820  -36.598 1.0000000000
1178  -18.463  5.150  -10.052 1.0000000000
2246  -20.105  -0.186  -9.314 1.0000000000
2247  -19.788  2.472  -11.942 1.0000000000
2248  -19.886  5.478  -15.039 1.0000000000
4974  -19.574  1.341  -8.623 1.0000000000
4975  -18.188  6.367  -11.236 1.0000000000
4976  -18.939  3.784  -10.904 1.0000000000
4977  -18.899  4.936  -12.302 1.0000000000
4978  -19.824  3.833  -13.398 1.0000000000
4979  -18.781  6.473  -13.627 1.0000000000
9299  -19.229  2.401  -9.720 1.0000000000
9300  -19.854  1.189  -10.597 1.0000000000
9312  -20.043  7.115  -16.792 1.0000000000
901  -24.522  9.650  -5.899 1.0000000000
2819  -26.430  6.031  -4.400 1.0000000000
2820  -24.790  6.678  -5.180 1.0000000000
2821  -26.234  9.044  -5.188 1.0000000000
4142  -21.947  8.249  -6.588 1.0000000000
6230  -23.301  7.411  -5.894 1.0000000000
6231  -23.039  10.653  -6.597 1.0000000000
8278  -25.957  12.045  -5.950 1.0000000000
861  -8.182  -11.029  58.769 1.0000000000
1828  -4.097  -12.471  61.771 1.0000000000
1829  -6.380  -14.853  60.242 1.0000000000
4018  -9.207  -12.265  58.030 1.0000000000
4019  -7.307  -12.920  59.532 1.0000000000
4020  -8.319  -14.156  58.742 1.0000000000
6155  -7.027  -9.892  59.507 1.0000000000
6157  -9.976  -10.289  57.301 1.0000000000
8113  -6.182  -11.820  60.295 1.0000000000
8114  -5.246  -13.766  61.060 1.0000000000
180  -27.006  21.004  -7.323 1.0000000000
902  -26.816  27.396  -8.043 1.0000000000
2822  -26.774  30.537  -8.194 1.0000000000
2823  -25.480  28.741  -8.538 1.0000000000
6232  -26.888  24.216  -7.750 1.0000000000
6233  -25.510  22.065  -7.849 1.0000000000
6234  -25.448  25.273  -8.244 1.0000000000
7291  -28.235  26.293  -7.529 1.0000000000
528  -15.852  64.379  -23.019 1.0000000000
2228  -13.958  59.415  -23.849 1.0000000000
2230  -14.123  65.402  -26.403 1.0000000000
4933  -14.639  58.533  -22.250 1.0000000000
4934  -14.891  61.934  -23.415 1.0000000000
9254  -14.990  65.061  -24.737 1.0000000000
9255  -14.124  62.552  -25.041 1.0000000000
1873  -17.575  64.880  12.763 1.0000000000
2032  -15.737  64.269  17.362 1.0000000000
4117  -16.333  67.498  13.030 1.0000000000
8669  -16.607  64.825  14.991 1.0000000000
8670  -15.277  67.102  15.586 1.0000000000
532  -39.240  -2.015  -32.002 1.0000000000
1350  -37.717  2.026  -32.795 1.0000000000
2239  -35.259  2.260  -29.226 1.0000000000
7038  -38.528  -0.052  -32.306 1.0000000000
7039  -39.323  -0.431  -33.992 1.0000000000
7040  -38.638  1.549  -34.374 1.0000000000
9275  -37.438  0.400  -30.614 1.0000000000
9276  -36.509  2.345  -31.015 1.0000000000
756  -16.285  48.089  -16.164 1.0000000000
2225  -18.484  52.734  -15.215 1.0000000000
2676  -17.085  46.710  -14.988 1.0000000000
5970  -15.592  49.429  -17.373 1.0000000000
9239  -18.126  48.960  -14.575 1.0000000000
9240  -17.372  50.398  -15.668 1.0000000000
9241  -16.551  51.795  -16.964 1.0000000000
1972  -17.705  31.927  -50.552 1.0000000000
4326  -18.795  30.693  -48.563 1.0000000000
4327  -17.106  32.194  -47.973 1.0000000000
8505  -19.500  30.512  -51.083 1.0000000000
8513  -16.043  33.334  -50.195 1.0000000000
571  24.847  -74.550  -4.775 1.0000000000
2350  25.792  -76.572  -0.732 1.0000000000
5222  24.515  -72.102  -4.755 1.0000000000
6879  25.006  -72.891  -2.669 1.0000000000
9606  25.327  -75.660  -2.903 1.0000000000
1224  -28.779  -57.003  2.804 1.0000000000
3143  -28.085  -57.982  5.545 1.0000000000
6810  -26.817  -60.119  6.497 1.0000000000
6811  -27.558  -59.102  3.789 1.0000000000
6812  -28.214  -58.212  1.278 1.0000000000
1594  26.195  34.969  60.987 1.0000000000
7557  23.700  37.348  61.408 1.0000000000
7558  25.064  38.024  60.578 1.0000000000
7559  24.906  34.170  62.150 1.0000000000
2133  23.951  69.769  43.560 1.0000000000
8967  25.350  70.505  42.104 1.0000000000
8993  25.001  66.817  45.058 1.0000000000
1892  -19.298  35.261  -11.403 1.0000000000
4159  -20.504  37.281  -11.058 1.0000000000
4160  -19.473  38.744  -11.769 1.0000000000
4161  -20.654  40.965  -11.390 1.0000000000
8217  0.710  101.670  -23.427 1.0000000000
8218  2.438  102.216  -26.093 1.0000000000
1273  24.234  -101.703  -6.163 1.0000000000
5261  25.044  -101.222  -8.113 1.0000000000
9643  25.300  -99.780  -5.046 1.0000000000
3651  -0.423  89.877  -40.334 1.0000000000
3652  0.176  92.401  -39.036 1.0000000000
675  30.578  16.902  37.972 1.0000000000
5825  30.254  15.112  39.451 1.0000000000
5826  30.029  11.729  39.652 1.0000000000
2383  28.555  -36.727  41.650 1.0000000000
9706  28.439  -37.264  43.833 1.0000000000
300  26.522  -78.316  3.662 1.0000000000
6881  26.460  -79.970  1.308 1.0000000000
918  -32.145  -50.411  18.576 1.0000000000
4196  -31.362  -51.946  16.982 1.0000000000
953  24.916  49.992  -49.443 1.0000000000
3692  -23.132  -4.218  -11.189 1.0000000000
3694  -23.183  -2.660  -12.739 1.0000000000
4925  -19.845  58.194  -15.275 1.0000000000
905  -21.580  32.411  -10.102 1.0000000000
7313  -34.058  -45.098  23.132 1.0000000000
8352  -37.677  -39.656  2.648 1.0000000000
