#!ascii label , from subject fsaverage5 vox2ras=TkReg
1960
2  30.063  16.553  43.195 2.0000000000
21  26.640  70.671  40.601 2.0000000000
77  30.995  54.374  -45.654 2.0000000000
110  23.913  41.333  59.709 2.0000000000
114  33.987  77.298  -3.608 2.0000000000
119  25.632  89.414  -42.812 2.0000000000
175  2.545  95.915  4.384 2.0000000000
196  30.078  9.570  38.392 2.0000000000
244  17.190  36.661  60.864 2.0000000000
248  34.892  78.150  -17.150 2.0000000000
251  30.569  79.642  18.666 2.0000000000
252  29.995  69.269  32.433 2.0000000000
253  31.050  54.319  35.718 2.0000000000
254  29.248  57.095  44.530 2.0000000000
257  -1.486  93.431  -36.870 2.0000000000
322  8.541  63.255  -50.457 2.0000000000
383  28.396  98.416  -3.273 2.0000000000
387  -5.166  97.578  -17.939 2.0000000000
388  1.444  100.908  -28.542 2.0000000000
389  5.281  104.559  -17.699 2.0000000000
390  15.134  107.877  -15.207 2.0000000000
427  24.823  60.058  -49.764 2.0000000000
428  17.968  45.194  -51.350 2.0000000000
483  30.108  15.856  49.973 2.0000000000
497  18.800  52.153  54.455 2.0000000000
500  30.106  29.320  53.313 2.0000000000
501  30.595  27.907  44.907 2.0000000000
508  32.942  72.366  10.272 2.0000000000
509  34.214  56.881  16.167 2.0000000000
510  32.560  48.555  27.729 2.0000000000
511  31.363  38.763  37.228 2.0000000000
516  12.841  77.410  -49.364 2.0000000000
517  9.325  98.899  -38.125 2.0000000000
520  29.439  73.700  -45.480 2.0000000000
674  30.386  19.877  40.824 2.0000000000
676  30.007  13.634  40.981 2.0000000000
730  27.339  77.200  33.976 2.0000000000
732  28.689  70.432  36.670 2.0000000000
733  29.615  63.475  38.720 2.0000000000
734  28.132  64.029  42.968 2.0000000000
885  -3.059  98.473  -12.488 2.0000000000
886  -0.068  101.373  -17.995 2.0000000000
887  1.903  101.947  -12.239 2.0000000000
890  16.248  107.175  -7.997 2.0000000000
895  -3.720  93.990  -1.438 2.0000000000
897  -5.890  94.489  -6.923 2.0000000000
946  33.820  28.320  27.049 2.0000000000
1091  20.826  39.076  60.908 2.0000000000
1097  26.523  42.786  57.422 2.0000000000
1099  29.370  29.059  57.403 2.0000000000
1101  30.282  22.457  51.781 2.0000000000
1104  36.687  69.010  -25.348 2.0000000000
1105  34.467  78.351  -10.585 2.0000000000
1106  36.094  71.549  -13.022 2.0000000000
1113  31.322  72.039  21.431 2.0000000000
1115  32.336  68.955  17.239 2.0000000000
1116  33.604  64.767  13.428 2.0000000000
1117  32.905  61.193  19.751 2.0000000000
1118  33.356  53.039  22.096 2.0000000000
1121  31.294  46.520  36.759 2.0000000000
1123  30.931  33.517  41.231 2.0000000000
1131  8.038  76.456  -48.536 2.0000000000
1132  9.788  83.392  -47.374 2.0000000000
1133  7.093  103.795  -28.623 2.0000000000
1134  5.247  100.621  -33.546 2.0000000000
1135  11.170  102.872  -33.569 2.0000000000
1142  27.914  81.966  -44.420 2.0000000000
1145  35.054  71.128  -34.804 2.0000000000
1283  29.101  0.182  42.310 2.0000000000
1467  0.739  97.390  -1.089 2.0000000000
1474  -1.743  92.877  3.718 2.0000000000
1504  31.430  20.733  34.759 2.0000000000
1506  30.386  5.579  35.851 2.0000000000
1600  33.305  84.646  -14.402 2.0000000000
1601  32.926  84.017  -7.199 2.0000000000
1604  29.357  81.700  23.058 2.0000000000
1606  30.952  67.332  28.164 2.0000000000
1608  30.606  61.991  34.378 2.0000000000
1610  30.043  49.750  45.351 2.0000000000
1614  -2.726  88.357  -39.568 2.0000000000
1615  2.233  91.403  -41.032 2.0000000000
1861  25.475  82.893  31.138 2.0000000000
1865  -1.884  99.942  -23.338 2.0000000000
1866  3.362  103.244  -23.393 2.0000000000
1868  6.985  104.742  -11.447 2.0000000000
1869  10.549  106.822  -16.620 2.0000000000
1872  22.609  106.508  -17.562 2.0000000000
1951  33.569  19.921  28.231 2.0000000000
1957  21.214  61.589  -50.800 2.0000000000
1958  17.949  54.370  -51.460 2.0000000000
1959  21.533  52.554  -50.747 2.0000000000
2098  29.765  11.417  44.107 2.0000000000
2099  29.763  10.142  47.583 2.0000000000
2140  19.671  59.797  50.500 2.0000000000
2142  26.002  63.921  46.212 2.0000000000
2143  27.654  57.169  48.390 2.0000000000
2144  28.852  50.324  49.710 2.0000000000
2146  28.149  36.057  58.007 2.0000000000
2149  30.462  28.693  48.997 2.0000000000
2150  30.349  22.145  47.633 2.0000000000
2151  30.345  21.562  44.019 2.0000000000
2161  37.649  55.830  0.961 2.0000000000
2163  30.128  94.916  -7.554 2.0000000000
2165  32.492  82.453  -0.007 2.0000000000
2167  32.096  79.942  7.022 2.0000000000
2168  33.461  75.198  3.536 2.0000000000
2169  34.353  67.700  6.715 2.0000000000
2170  35.130  59.750  10.012 2.0000000000
2189  10.779  70.376  -50.105 2.0000000000
2190  15.384  70.827  -50.568 2.0000000000
2191  -0.052  97.706  -33.101 2.0000000000
2192  3.823  96.562  -37.767 2.0000000000
2193  7.675  93.814  -41.954 2.0000000000
2195  13.173  95.470  -42.175 2.0000000000
2196  11.458  89.684  -45.357 2.0000000000
2199  19.784  70.294  -50.446 2.0000000000
2200  23.860  69.095  -49.644 2.0000000000
2201  27.461  66.966  -48.124 2.0000000000
2373  29.572  7.193  41.666 2.0000000000
2374  29.550  2.616  38.934 2.0000000000
2375  29.756  -2.044  36.437 2.0000000000
2594  30.179  17.839  42.134 2.0000000000
2595  30.209  16.763  40.751 2.0000000000
2596  30.030  15.383  42.179 2.0000000000
2650  27.044  73.960  37.362 2.0000000000
2651  28.041  73.807  35.528 2.0000000000
2652  27.787  70.754  38.647 2.0000000000
2653  28.378  67.412  39.921 2.0000000000
2654  27.467  67.585  41.696 2.0000000000
2806  -0.712  100.207  -12.431 2.0000000000
2815  -2.516  96.221  -4.154 2.0000000000
2816  -4.859  94.266  -4.154 2.0000000000
2817  -3.596  96.394  -6.823 2.0000000000
2818  -4.595  96.513  -9.661 2.0000000000
3011  22.451  40.063  60.532 2.0000000000
3012  21.003  43.001  59.264 2.0000000000
3013  22.633  44.121  58.765 2.0000000000
3014  23.087  48.197  56.796 2.0000000000
3015  24.228  44.999  57.973 2.0000000000
3016  25.611  45.839  56.817 2.0000000000
3017  25.296  41.849  58.844 2.0000000000
3022  35.989  70.364  -30.242 2.0000000000
3024  36.033  71.724  -27.424 2.0000000000
3025  34.226  78.023  -7.158 2.0000000000
3026  34.998  74.999  -8.448 2.0000000000
3033  31.608  68.452  22.538 2.0000000000
3034  31.786  70.769  19.314 2.0000000000
3035  32.094  66.768  20.579 2.0000000000
3036  32.644  65.212  18.367 2.0000000000
3053  9.804  104.901  -28.324 2.0000000000
3054  9.072  103.504  -31.185 2.0000000000
3055  11.865  104.496  -30.763 2.0000000000
3062  26.742  85.835  -43.794 2.0000000000
3066  35.860  68.718  -32.907 2.0000000000
3405  1.704  96.786  1.617 2.0000000000
3415  1.423  93.829  6.421 2.0000000000
3416  -0.595  92.165  6.446 2.0000000000
3418  -0.496  95.228  1.331 2.0000000000
3467  30.348  13.358  38.149 2.0000000000
3468  30.746  15.124  36.627 2.0000000000
3471  30.217  7.676  37.070 2.0000000000
3626  32.642  87.727  -16.465 2.0000000000
3627  32.510  87.565  -12.735 2.0000000000
3628  33.097  84.549  -10.717 2.0000000000
3629  32.308  87.420  -9.252 2.0000000000
3636  30.650  71.163  26.926 2.0000000000
3637  30.489  68.516  30.249 2.0000000000
3638  30.779  64.677  31.379 2.0000000000
3639  30.311  65.649  33.591 2.0000000000
3640  29.424  60.238  41.789 2.0000000000
3642  29.845  56.668  42.312 2.0000000000
3644  29.700  53.231  45.125 2.0000000000
3648  -4.080  91.518  -36.203 2.0000000000
3649  -4.651  89.120  -37.484 2.0000000000
3650  -2.303  91.008  -38.194 2.0000000000
3847  6.499  62.965  -49.959 2.0000000000
3849  7.389  59.808  -50.588 2.0000000000
4091  24.508  85.561  29.217 2.0000000000
4092  24.087  82.363  32.789 2.0000000000
4095  -6.217  96.772  -20.459 2.0000000000
4096  -4.628  97.886  -23.178 2.0000000000
4097  -3.623  98.856  -20.788 2.0000000000
4098  2.521  103.016  -17.794 2.0000000000
4099  1.767  102.570  -20.613 2.0000000000
4101  6.050  104.634  -23.321 2.0000000000
4102  6.997  105.365  -20.364 2.0000000000
4105  7.515  104.337  -8.349 2.0000000000
4106  13.415  107.369  -12.586 2.0000000000
4107  11.056  106.750  -13.203 2.0000000000
4108  12.842  107.478  -16.048 2.0000000000
4114  21.138  107.266  -15.293 2.0000000000
4128  -9.293  90.098  -4.086 2.0000000000
4130  -11.291  87.948  -4.019 2.0000000000
4282  32.389  20.457  31.463 2.0000000000
4283  33.050  22.510  29.584 2.0000000000
4297  23.058  60.621  -50.366 2.0000000000
4298  21.422  57.077  -50.831 2.0000000000
4299  23.226  55.969  -50.323 2.0000000000
4301  23.118  46.638  -49.944 2.0000000000
4713  15.767  38.850  59.319 2.0000000000
4714  18.368  48.215  56.261 2.0000000000
4718  17.443  54.737  52.639 2.0000000000
4719  17.882  58.589  50.686 2.0000000000
4724  24.589  63.218  47.760 2.0000000000
4725  25.610  60.109  49.040 2.0000000000
4726  26.851  60.610  47.427 2.0000000000
4727  26.537  57.032  50.027 2.0000000000
4729  27.998  50.178  51.740 2.0000000000
4731  29.322  46.746  50.110 2.0000000000
4733  27.163  31.691  61.195 2.0000000000
4734  27.268  35.475  59.641 2.0000000000
4735  28.055  32.211  59.670 2.0000000000
4736  29.805  29.066  55.408 2.0000000000
4737  29.401  32.781  55.955 2.0000000000
4738  29.867  32.491  53.915 2.0000000000
4739  29.973  35.856  52.065 2.0000000000
4740  30.202  32.622  51.580 2.0000000000
4741  30.419  32.389  49.408 2.0000000000
4742  30.322  29.001  51.177 2.0000000000
4743  30.227  18.982  50.936 2.0000000000
4744  30.327  22.133  49.712 2.0000000000
4755  35.079  77.589  -20.325 2.0000000000
4756  35.911  73.658  -21.534 2.0000000000
4757  35.692  74.595  -18.485 2.0000000000
4766  37.195  59.749  -0.921 2.0000000000
4767  36.778  59.223  2.263 2.0000000000
4769  36.398  58.275  5.240 2.0000000000
4772  29.311  96.755  -5.465 2.0000000000
4776  31.981  85.880  -1.953 2.0000000000
4783  32.544  76.073  8.778 2.0000000000
4784  32.733  77.827  5.197 2.0000000000
4785  33.204  73.990  6.788 2.0000000000
4786  33.907  71.449  5.264 2.0000000000
4787  33.602  70.150  8.529 2.0000000000
4788  33.917  60.922  14.810 2.0000000000
4789  34.314  62.520  11.654 2.0000000000
4790  34.690  58.311  13.111 2.0000000000
4792  34.993  54.350  14.454 2.0000000000
4794  34.514  52.482  17.469 2.0000000000
4795  32.921  50.958  25.043 2.0000000000
4796  33.510  48.906  23.218 2.0000000000
4797  33.063  46.980  25.861 2.0000000000
4799  32.666  44.496  28.419 2.0000000000
4803  31.346  42.675  37.094 2.0000000000
4809  31.323  35.101  37.414 2.0000000000
4810  30.751  30.796  43.124 2.0000000000
4811  30.827  29.780  41.291 2.0000000000
4812  30.636  27.185  43.010 2.0000000000
4813  30.498  23.869  42.701 2.0000000000
4814  30.478  24.506  44.508 2.0000000000
4831  3.922  69.104  -48.215 2.0000000000
4832  4.897  72.378  -48.152 2.0000000000
4833  10.399  77.001  -49.016 2.0000000000
4834  9.621  73.604  -49.418 2.0000000000
4835  11.999  73.970  -49.822 2.0000000000
4836  13.086  70.795  -50.399 2.0000000000
4837  14.255  74.302  -50.045 2.0000000000
4838  -1.111  99.300  -28.346 2.0000000000
4840  0.727  99.462  -30.916 2.0000000000
4841  7.299  99.955  -35.906 2.0000000000
4842  4.478  98.679  -35.762 2.0000000000
4843  6.529  97.620  -38.220 2.0000000000
4844  5.666  95.322  -39.949 2.0000000000
4845  8.566  96.567  -40.120 2.0000000000
4852  12.161  92.687  -43.879 2.0000000000
4859  18.979  74.332  -50.018 2.0000000000
4860  21.208  73.874  -49.759 2.0000000000
4861  21.874  69.796  -50.130 2.0000000000
4862  23.119  73.510  -49.338 2.0000000000
4866  29.129  65.878  -46.993 2.0000000000
4867  30.117  69.339  -45.633 2.0000000000
4871  33.797  71.264  -38.983 2.0000000000
4873  33.309  68.589  -41.115 2.0000000000
4874  32.704  65.684  -42.886 2.0000000000
5287  29.600  8.440  44.650 2.0000000000
5288  29.662  9.382  42.937 2.0000000000
5289  29.453  6.086  43.377 2.0000000000
5292  29.269  -1.020  39.298 2.0000000000
5293  29.628  0.388  37.670 2.0000000000
5294  29.344  -3.273  37.973 2.0000000000
5788  4.662  97.222  4.814 2.0000000000
5822  30.652  21.978  39.305 2.0000000000
5823  30.782  20.452  37.841 2.0000000000
5824  30.460  18.476  39.339 2.0000000000
5922  27.527  79.999  30.871 2.0000000000
5923  28.441  79.780  28.692 2.0000000000
5924  28.293  76.806  32.125 2.0000000000
5925  28.882  73.558  33.355 2.0000000000
5926  29.379  70.193  34.469 2.0000000000
5927  29.809  66.593  35.514 2.0000000000
5928  29.191  67.057  37.716 2.0000000000
5929  28.958  63.924  40.858 2.0000000000
5930  28.713  60.671  43.861 2.0000000000
5935  -3.463  93.825  -34.549 2.0000000000
6201  -4.247  98.041  -15.295 2.0000000000
6202  -2.570  99.612  -18.156 2.0000000000
6203  -1.725  99.971  -15.334 2.0000000000
6204  0.942  101.775  -14.979 2.0000000000
6205  3.573  103.405  -14.929 2.0000000000
6210  15.751  107.678  -11.664 2.0000000000
6211  17.473  107.943  -14.013 2.0000000000
6219  -4.945  91.700  0.922 2.0000000000
6221  -5.968  92.065  -1.545 2.0000000000
6222  -7.100  92.315  -4.289 2.0000000000
6322  26.468  58.791  -49.018 2.0000000000
6323  25.027  55.203  -49.636 2.0000000000
6324  26.645  53.912  -48.811 2.0000000000
6325  26.532  48.700  -48.551 2.0000000000
6565  19.053  66.172  46.344 2.0000000000
6571  19.033  37.863  61.032 2.0000000000
6573  19.336  41.527  59.598 2.0000000000
6574  19.721  45.698  57.836 2.0000000000
6577  21.768  50.979  55.538 2.0000000000
6585  28.757  28.925  59.341 2.0000000000
6587  29.733  25.576  56.892 2.0000000000
6588  30.053  25.493  54.739 2.0000000000
6589  30.243  25.741  52.624 2.0000000000
6596  37.336  66.007  -23.306 2.0000000000
6597  34.660  78.540  -13.948 2.0000000000
6598  35.515  74.864  -15.098 2.0000000000
6599  35.312  74.850  -11.734 2.0000000000
6601  36.457  67.646  -7.757 2.0000000000
6602  37.006  63.973  -5.889 2.0000000000
6606  28.326  97.466  0.537 2.0000000000
6607  29.197  96.000  -1.616 2.0000000000
6608  29.152  94.731  2.408 2.0000000000
6611  31.005  75.904  19.869 2.0000000000
6613  31.518  74.305  17.862 2.0000000000
6615  32.633  70.848  13.696 2.0000000000
6616  33.243  68.568  12.146 2.0000000000
6617  32.958  66.808  15.300 2.0000000000
6618  33.242  62.945  16.741 2.0000000000
6619  33.531  59.019  17.953 2.0000000000
6620  33.804  54.911  19.138 2.0000000000
6621  33.143  57.203  20.945 2.0000000000
6622  32.754  55.101  24.042 2.0000000000
6623  32.435  52.683  26.862 2.0000000000
6624  30.901  51.528  38.291 2.0000000000
6625  31.212  50.427  36.183 2.0000000000
6626  31.029  47.523  38.832 2.0000000000
6627  31.097  43.647  39.249 2.0000000000
6628  31.141  39.904  39.294 2.0000000000
6629  31.128  36.512  39.386 2.0000000000
6630  30.955  37.241  41.410 2.0000000000
6631  30.808  34.564  43.274 2.0000000000
6632  30.667  31.344  45.154 2.0000000000
6646  11.444  80.603  -48.455 2.0000000000
6647  4.209  102.414  -28.699 2.0000000000
6648  3.397  100.948  -31.171 2.0000000000
6649  6.264  102.329  -31.298 2.0000000000
6650  8.226  101.879  -33.646 2.0000000000
6651  10.217  101.115  -35.807 2.0000000000
6664  28.681  78.056  -45.062 2.0000000000
6669  34.818  69.181  -36.957 2.0000000000
7279  -2.657  90.572  6.187 2.0000000000
7280  -3.810  91.255  3.461 2.0000000000
7281  -2.805  93.473  1.078 2.0000000000
7282  -1.567  95.747  -1.406 2.0000000000
7350  31.777  18.513  33.245 2.0000000000
7351  30.970  18.818  36.430 2.0000000000
7352  31.206  16.862  35.054 2.0000000000
7353  31.561  14.821  33.530 2.0000000000
7354  31.299  11.021  33.823 2.0000000000
7355  30.970  7.145  34.205 2.0000000000
7356  30.627  3.040  34.517 2.0000000000
7560  26.033  30.903  62.600 2.0000000000
7571  34.283  81.145  -19.358 2.0000000000
7573  33.499  84.420  -17.988 2.0000000000
7574  34.109  81.456  -15.903 2.0000000000
7575  33.867  81.680  -12.389 2.0000000000
7576  33.695  81.316  -9.080 2.0000000000
7577  33.500  80.586  -5.412 2.0000000000
7582  30.010  80.643  20.960 2.0000000000
7583  29.232  79.077  26.580 2.0000000000
7584  29.898  78.311  24.254 2.0000000000
7585  30.485  77.035  22.205 2.0000000000
7586  30.837  73.514  23.469 2.0000000000
7587  31.136  69.808  24.773 2.0000000000
7588  31.409  66.190  25.782 2.0000000000
7592  30.862  58.046  35.093 2.0000000000
7593  30.184  62.666  36.476 2.0000000000
7594  30.459  58.946  37.317 2.0000000000
7595  30.670  55.342  38.068 2.0000000000
7609  4.238  89.871  -42.946 2.0000000000
7611  14.568  105.085  -30.388 2.0000000000
7612  17.048  105.385  -29.752 2.0000000000
8189  27.394  99.829  -1.266 2.0000000000
8206  25.821  85.851  27.564 2.0000000000
8207  26.707  82.991  29.361 2.0000000000
8208  26.498  80.119  32.622 2.0000000000
8209  26.163  77.073  35.903 2.0000000000
8210  25.785  73.899  39.032 2.0000000000
8214  -2.837  98.796  -25.806 2.0000000000
8215  -0.290  100.570  -25.918 2.0000000000
8216  -1.000  100.757  -20.882 2.0000000000
8219  5.321  103.715  -26.217 2.0000000000
8220  7.890  104.960  -25.758 2.0000000000
8223  4.536  103.496  -11.905 2.0000000000
8224  6.079  104.742  -14.576 2.0000000000
8225  9.398  105.727  -10.644 2.0000000000
8226  8.689  105.920  -14.050 2.0000000000
8227  7.895  105.800  -17.292 2.0000000000
8234  19.103  107.818  -16.242 2.0000000000
8235  20.690  107.262  -18.963 2.0000000000
8236  22.379  106.258  -21.092 2.0000000000
8449  33.129  26.385  29.226 2.0000000000
8451  34.293  21.369  26.346 2.0000000000
8467  19.240  62.382  -51.093 2.0000000000
8469  19.619  57.868  -51.179 2.0000000000
8470  19.826  53.502  -51.157 2.0000000000
8471  19.828  48.716  -51.052 2.0000000000
8472  23.296  51.555  -50.170 2.0000000000
8473  21.547  47.821  -50.549 2.0000000000
8474  19.685  44.102  -50.876 2.0000000000
8860  29.932  14.377  43.578 2.0000000000
8862  29.750  10.797  45.802 2.0000000000
8966  24.385  73.278  40.646 2.0000000000
8987  18.521  62.240  48.732 2.0000000000
8989  20.934  57.301  52.117 2.0000000000
8992  23.468  65.929  46.475 2.0000000000
8994  26.327  67.399  43.437 2.0000000000
8995  27.114  64.194  44.683 2.0000000000
8996  27.869  60.755  45.732 2.0000000000
8997  28.485  57.303  46.628 2.0000000000
8998  27.346  53.720  50.894 2.0000000000
8999  28.315  53.625  49.205 2.0000000000
9000  29.077  53.748  47.145 2.0000000000
9001  29.523  50.025  47.669 2.0000000000
9002  29.874  46.495  47.921 2.0000000000
9003  30.162  42.618  48.075 2.0000000000
9004  26.376  38.903  59.250 2.0000000000
9005  27.431  39.356  57.826 2.0000000000
9007  28.820  32.499  57.888 2.0000000000
9011  30.048  39.386  50.196 2.0000000000
9014  30.566  31.938  47.276 2.0000000000
9015  30.546  28.602  46.985 2.0000000000
9016  30.368  25.452  50.420 2.0000000000
9017  30.437  25.404  48.398 2.0000000000
9018  30.476  25.324  46.393 2.0000000000
9019  30.345  21.850  45.787 2.0000000000
9033  35.945  73.081  -24.665 2.0000000000
9034  36.616  70.046  -22.420 2.0000000000
9045  37.567  60.098  -4.136 2.0000000000
9046  38.048  56.225  -2.176 2.0000000000
9054  30.075  93.988  -3.537 2.0000000000
9055  30.801  92.121  -5.528 2.0000000000
9056  31.528  90.057  -7.655 2.0000000000
9057  32.122  86.903  -5.647 2.0000000000
9058  32.704  83.408  -3.647 2.0000000000
9059  33.198  80.082  -1.807 2.0000000000
9066  32.275  81.431  3.450 2.0000000000
9067  32.997  78.864  1.746 2.0000000000
9068  33.721  76.446  -0.114 2.0000000000
9072  33.961  66.508  10.029 2.0000000000
9073  34.719  63.828  8.499 2.0000000000
9074  35.537  61.231  6.772 2.0000000000
9075  35.982  56.979  8.359 2.0000000000
9081  34.004  50.756  20.384 2.0000000000
9082  34.171  46.774  21.425 2.0000000000
9099  31.061  32.583  39.421 2.0000000000
9102  30.563  23.178  40.885 2.0000000000
9103  30.349  20.804  42.321 2.0000000000
9125  5.352  66.252  -49.158 2.0000000000
9126  7.509  66.734  -49.789 2.0000000000
9127  7.212  73.208  -48.831 2.0000000000
9128  8.421  70.351  -49.581 2.0000000000
9129  9.672  66.791  -50.310 2.0000000000
9130  11.948  67.047  -50.671 2.0000000000
9132  16.449  66.900  -50.977 2.0000000000
9137  1.757  97.198  -35.541 2.0000000000
9138  1.004  95.031  -37.347 2.0000000000
9140  4.923  92.820  -41.499 2.0000000000
9141  6.676  91.001  -43.348 2.0000000000
9142  13.800  103.602  -33.166 2.0000000000
9143  12.985  101.750  -35.839 2.0000000000
9147  11.348  97.265  -40.365 2.0000000000
9148  10.405  94.893  -42.040 2.0000000000
9149  9.531  91.944  -43.729 2.0000000000
9150  8.604  89.107  -44.950 2.0000000000
9151  10.640  86.652  -46.476 2.0000000000
9152  12.466  84.109  -47.666 2.0000000000
9153  13.778  80.999  -48.697 2.0000000000
9156  15.230  77.769  -49.518 2.0000000000
9157  16.634  74.475  -50.111 2.0000000000
9158  17.607  70.834  -50.567 2.0000000000
9159  18.579  66.718  -50.897 2.0000000000
9160  20.623  65.983  -50.693 2.0000000000
9161  22.653  65.413  -50.293 2.0000000000
9162  24.478  64.582  -49.761 2.0000000000
9163  25.132  72.711  -48.703 2.0000000000
9164  25.787  68.409  -48.925 2.0000000000
9165  26.193  63.576  -49.061 2.0000000000
9166  27.854  62.367  -48.153 2.0000000000
9167  29.488  60.898  -46.995 2.0000000000
9168  30.874  59.229  -45.782 2.0000000000
9175  31.412  67.455  -44.430 2.0000000000
9176  31.901  62.687  -44.426 2.0000000000
9675  29.853  12.473  42.461 2.0000000000
9676  29.797  10.345  41.206 2.0000000000
9677  29.775  8.228  39.966 2.0000000000
9678  29.340  3.806  42.011 2.0000000000
9679  29.526  4.903  40.323 2.0000000000
9680  29.809  6.149  38.714 2.0000000000
9681  29.919  3.964  37.360 2.0000000000
9682  30.072  1.530  36.078 2.0000000000
9683  30.287  -0.820  34.836 2.0000000000
26  -17.924  45.438  -13.954 2.0000000000
28  -24.425  19.416  -36.260 2.0000000000
61  -26.590  33.875  -8.250 2.0000000000
80  -13.316  36.364  -35.585 2.0000000000
82  -6.723  41.992  -50.233 2.0000000000
122  -12.425  54.122  -24.874 2.0000000000
201  -11.051  40.145  -43.729 2.0000000000
276  -14.901  50.609  -18.704 2.0000000000
397  -21.671  11.278  -7.198 2.0000000000
398  -21.399  25.253  -9.352 2.0000000000
399  -21.765  39.746  -10.673 2.0000000000
433  -22.979  26.330  -46.457 2.0000000000
434  -16.351  32.634  -45.224 2.0000000000
752  -17.491  38.198  -12.932 2.0000000000
754  -15.913  40.721  -14.799 2.0000000000
755  -14.560  43.411  -17.164 2.0000000000
903  -24.089  22.968  -8.322 2.0000000000
904  -24.071  29.712  -9.038 2.0000000000
906  -24.011  36.718  -9.430 2.0000000000
963  -9.175  41.434  -47.086 2.0000000000
964  -11.662  37.876  -48.197 2.0000000000
965  -9.322  38.728  -51.628 2.0000000000
1184  -16.212  22.464  -23.037 2.0000000000
1185  -16.181  25.546  -27.060 2.0000000000
1189  -11.580  49.105  -26.374 2.0000000000
1190  -10.789  50.361  -29.872 2.0000000000
1191  -11.382  55.444  -28.254 2.0000000000
1358  -21.283  29.123  -51.260 2.0000000000
1359  -24.902  26.412  -51.859 2.0000000000
1476  -27.318  14.600  -6.092 2.0000000000
1512  -11.488  41.543  -35.498 2.0000000000
1513  -12.388  38.535  -39.678 2.0000000000
1514  -10.439  43.210  -39.475 2.0000000000
1648  -13.481  38.190  -18.552 2.0000000000
1649  -13.420  45.363  -19.804 2.0000000000
1650  -13.654  52.631  -21.551 2.0000000000
1888  -24.170  16.267  -7.279 2.0000000000
1889  -21.366  18.196  -8.393 2.0000000000
1893  -19.689  42.520  -12.162 2.0000000000
1969  -23.960  23.054  -41.311 2.0000000000
1970  -20.802  26.274  -41.237 2.0000000000
1971  -19.582  29.372  -46.121 2.0000000000
2215  -22.149  46.472  -10.963 2.0000000000
2216  -20.173  49.690  -12.975 2.0000000000
2224  -20.655  56.745  -13.945 2.0000000000
2226  -16.901  55.529  -17.817 2.0000000000
2227  -15.354  57.491  -20.661 2.0000000000
2257  -13.850  33.982  -31.406 2.0000000000
2260  -12.161  39.633  -31.682 2.0000000000
2261  -10.877  45.557  -32.174 2.0000000000
2262  -9.942  51.028  -33.450 2.0000000000
2464  -26.390  23.446  -46.586 2.0000000000
2465  -28.542  23.231  -51.411 2.0000000000
2672  -17.660  41.898  -13.459 2.0000000000
2673  -16.683  39.506  -13.812 2.0000000000
2674  -16.854  43.215  -14.404 2.0000000000
2675  -16.093  44.685  -15.494 2.0000000000
2732  -25.833  19.582  -38.545 2.0000000000
2824  -25.374  31.981  -8.740 2.0000000000
2825  -24.113  33.388  -9.264 2.0000000000
2826  -25.312  35.391  -8.817 2.0000000000
2883  -8.031  41.745  -48.789 2.0000000000
2884  -9.163  40.096  -49.378 2.0000000000
2885  -7.974  40.239  -50.976 2.0000000000
2886  -7.992  38.897  -52.979 2.0000000000
2887  -6.601  40.394  -52.201 2.0000000000
3101  -15.379  21.402  -17.921 2.0000000000
3102  -15.278  22.798  -19.421 2.0000000000
3103  -16.167  21.002  -21.079 2.0000000000
3104  -15.265  24.080  -21.217 2.0000000000
3105  -15.248  25.414  -23.072 2.0000000000
3107  -12.412  50.860  -23.852 2.0000000000
3108  -11.986  48.272  -24.674 2.0000000000
3109  -11.925  51.695  -25.551 2.0000000000
3110  -11.474  52.197  -27.179 2.0000000000
3111  -11.900  54.911  -26.571 2.0000000000
3278  -20.237  30.277  -53.756 2.0000000000
3279  -21.963  29.052  -54.041 2.0000000000
3280  -20.753  30.070  -56.498 2.0000000000
3480  -10.703  44.231  -35.751 2.0000000000
3481  -11.056  42.304  -37.520 2.0000000000
3482  -10.256  44.764  -37.677 2.0000000000
3706  -13.967  36.915  -17.112 2.0000000000
3707  -14.684  47.096  -17.935 2.0000000000
3708  -13.948  44.398  -18.467 2.0000000000
3709  -14.043  48.258  -19.336 2.0000000000
3710  -13.440  48.981  -20.742 2.0000000000
3711  -14.253  51.684  -20.107 2.0000000000
4144  -20.678  9.035  -7.285 2.0000000000
4146  -20.436  12.221  -7.853 2.0000000000
4148  -25.727  15.318  -6.687 2.0000000000
4149  -25.606  18.557  -7.298 2.0000000000
4150  -22.739  24.254  -8.839 2.0000000000
4151  -22.743  20.565  -8.339 2.0000000000
4152  -21.380  21.679  -8.887 2.0000000000
4153  -20.186  19.127  -8.938 2.0000000000
4154  -20.165  23.052  -9.479 2.0000000000
4156  -20.237  26.433  -9.893 2.0000000000
4157  -21.587  36.016  -10.441 2.0000000000
4158  -20.358  33.745  -10.727 2.0000000000
4321  -20.992  24.725  -38.595 2.0000000000
4323  -17.035  31.377  -42.960 2.0000000000
4324  -18.659  29.581  -43.521 2.0000000000
4325  -17.906  31.005  -45.763 2.0000000000
4328  -11.752  39.465  -41.733 2.0000000000
4331  -11.894  36.935  -50.706 2.0000000000
4332  -13.090  36.187  -49.041 2.0000000000
4900  -23.116  51.642  -10.353 2.0000000000
4901  -23.149  48.395  -10.221 2.0000000000
4902  -22.213  49.746  -11.192 2.0000000000
4904  -21.321  51.603  -12.266 2.0000000000
4924  -20.828  60.025  -14.448 2.0000000000
4926  -19.543  54.635  -14.658 2.0000000000
4927  -18.803  56.340  -15.928 2.0000000000
4928  -17.666  54.015  -16.438 2.0000000000
4929  -17.978  57.480  -17.237 2.0000000000
4997  -15.141  28.376  -27.198 2.0000000000
4999  -14.988  29.965  -29.308 2.0000000000
5000  -14.826  31.344  -31.318 2.0000000000
5001  -13.974  32.791  -29.122 2.0000000000
5008  -12.384  38.709  -29.627 2.0000000000
5009  -11.729  41.803  -30.013 2.0000000000
5010  -11.445  42.642  -31.962 2.0000000000
5011  -11.182  44.964  -30.372 2.0000000000
5012  -10.539  53.084  -30.710 2.0000000000
5013  -10.362  50.750  -31.731 2.0000000000
5014  -10.062  53.430  -32.454 2.0000000000
5513  -23.623  24.673  -43.894 2.0000000000
5514  -25.286  23.243  -44.044 2.0000000000
5517  -26.700  24.914  -51.749 2.0000000000
5964  -16.535  35.682  -13.272 2.0000000000
5965  -15.780  36.771  -14.192 2.0000000000
5966  -15.064  38.049  -15.302 2.0000000000
5967  -14.461  39.532  -16.505 2.0000000000
5968  -15.213  41.903  -15.878 2.0000000000
5969  -15.341  45.762  -16.651 2.0000000000
6235  -24.160  26.313  -8.696 2.0000000000
6236  -22.723  27.476  -9.222 2.0000000000
6237  -21.542  28.884  -9.741 2.0000000000
6238  -22.850  31.029  -9.533 2.0000000000
6239  -22.795  34.662  -9.841 2.0000000000
6240  -22.879  38.247  -10.019 2.0000000000
6341  -10.150  40.911  -45.421 2.0000000000
6342  -11.385  38.885  -45.963 2.0000000000
6343  -10.302  39.629  -47.729 2.0000000000
6344  -10.536  38.438  -49.949 2.0000000000
6345  -10.628  37.402  -52.370 2.0000000000
6733  -15.683  18.643  -14.939 2.0000000000
6734  -15.498  19.998  -16.304 2.0000000000
6739  -17.226  19.573  -22.791 2.0000000000
6742  -16.222  23.985  -25.036 2.0000000000
6743  -15.171  26.962  -25.036 2.0000000000
6749  -11.447  46.704  -27.250 2.0000000000
6750  -11.111  47.229  -29.076 2.0000000000
6751  -11.189  49.643  -28.106 2.0000000000
6753  -10.838  55.693  -29.991 2.0000000000
7052  -22.235  27.778  -48.902 2.0000000000
7054  -23.156  27.736  -51.623 2.0000000000
7055  -23.757  27.741  -54.203 2.0000000000
7284  -27.672  11.490  -5.281 2.0000000000
7292  -28.181  29.277  -7.651 2.0000000000
7293  -27.944  32.466  -7.667 2.0000000000
7368  -12.318  38.993  -35.640 2.0000000000
7369  -12.943  37.409  -37.630 2.0000000000
7370  -11.901  39.956  -37.528 2.0000000000
7371  -11.385  40.810  -39.515 2.0000000000
7372  -10.721  41.648  -41.437 2.0000000000
7374  -9.749  43.959  -41.310 2.0000000000
7377  -8.042  43.408  -46.660 2.0000000000
7378  -6.908  43.543  -48.345 2.0000000000
7686  -13.059  39.278  -20.051 2.0000000000
7687  -13.926  40.595  -17.715 2.0000000000
7688  -13.390  41.711  -19.159 2.0000000000
7689  -12.928  43.048  -20.683 2.0000000000
7690  -12.905  46.531  -21.364 2.0000000000
7691  -12.942  50.312  -22.289 2.0000000000
7692  -13.049  53.629  -23.192 2.0000000000
8279  -24.450  12.932  -6.584 2.0000000000
8280  -22.867  13.812  -7.224 2.0000000000
8281  -24.221  19.725  -7.832 2.0000000000
8282  -22.757  17.162  -7.817 2.0000000000
8283  -21.466  14.755  -7.834 2.0000000000
8284  -20.227  15.759  -8.449 2.0000000000
8290  -20.351  30.063  -10.298 2.0000000000
8291  -19.197  31.473  -10.962 2.0000000000
8292  -18.201  32.704  -11.643 2.0000000000
8293  -18.283  36.458  -12.131 2.0000000000
8294  -18.510  40.276  -12.573 2.0000000000
8295  -18.731  43.856  -13.021 2.0000000000
8496  -22.785  21.143  -36.167 2.0000000000
8497  -24.192  21.314  -38.739 2.0000000000
8498  -22.630  22.953  -38.749 2.0000000000
8499  -22.331  24.571  -41.107 2.0000000000
8500  -21.902  26.235  -43.723 2.0000000000
8501  -19.164  28.100  -41.053 2.0000000000
8502  -20.174  27.915  -43.520 2.0000000000
8503  -21.241  27.793  -46.144 2.0000000000
8504  -20.484  29.204  -48.647 2.0000000000
8506  -18.437  31.550  -53.333 2.0000000000
8511  -14.051  35.385  -46.908 2.0000000000
8512  -15.561  33.726  -47.572 2.0000000000
8514  -16.695  32.821  -52.738 2.0000000000
9193  -28.944  34.189  -6.896 2.0000000000
9194  -27.700  35.646  -7.513 2.0000000000
9203  -26.522  36.968  -8.114 2.0000000000
9206  -22.970  41.726  -10.130 2.0000000000
9208  -23.087  45.058  -10.164 2.0000000000
9209  -21.900  43.049  -10.862 2.0000000000
9210  -20.956  44.621  -11.627 2.0000000000
9211  -19.908  46.009  -12.544 2.0000000000
9212  -18.997  47.530  -13.518 2.0000000000
9236  -21.469  55.109  -12.662 2.0000000000
9237  -20.401  53.311  -13.478 2.0000000000
9238  -19.254  51.145  -14.083 2.0000000000
9242  -15.871  53.160  -18.248 2.0000000000
9245  -15.153  54.170  -19.611 2.0000000000
9246  -14.460  55.075  -21.058 2.0000000000
9247  -13.801  55.978  -22.604 2.0000000000
9331  -13.624  35.213  -33.607 2.0000000000
9338  -13.150  35.645  -29.340 2.0000000000
9339  -12.922  36.854  -31.383 2.0000000000
9340  -12.702  37.821  -33.564 2.0000000000
9341  -11.858  40.619  -33.569 2.0000000000
9342  -11.093  43.566  -33.794 2.0000000000
9343  -10.469  46.258  -34.203 2.0000000000
9344  -10.734  47.956  -30.978 2.0000000000
9345  -10.360  48.356  -32.863 2.0000000000
9346  -9.926  48.920  -34.657 2.0000000000
9946  -25.647  21.423  -41.238 2.0000000000
9950  -27.560  23.405  -49.080 2.0000000000
10  -40.821  -9.412  -30.365 2.0000000000
29  -37.867  -38.526  0.188 2.0000000000
85  -40.893  -4.315  -44.580 2.0000000000
127  -38.436  -27.690  12.107 2.0000000000
129  -39.779  -25.107  -17.441 2.0000000000
543  -38.313  -34.030  6.912 2.0000000000
545  -35.925  -26.097  3.683 2.0000000000
546  -37.501  -30.090  -2.098 2.0000000000
547  -37.165  -24.073  -10.104 2.0000000000
683  -41.175  -12.365  -31.038 2.0000000000
770  -38.250  -37.085  -8.224 2.0000000000
771  -38.299  -35.848  -4.579 2.0000000000
971  -41.367  -10.274  -41.831 2.0000000000
1197  -38.859  -31.604  14.351 2.0000000000
1198  -38.612  -35.075  11.718 2.0000000000
1199  -38.362  -31.119  9.847 2.0000000000
1204  -33.794  -22.282  2.293 2.0000000000
1207  -35.938  -26.221  -2.823 2.0000000000
1209  -35.459  -23.488  -6.697 2.0000000000
1211  -35.319  -16.671  -14.002 2.0000000000
1232  -39.780  -29.788  -17.049 2.0000000000
1234  -40.397  -25.486  -21.122 2.0000000000
1351  -39.436  0.750  -35.940 2.0000000000
1521  -41.075  -5.427  -40.517 2.0000000000
1655  -38.668  -23.612  13.996 2.0000000000
1675  -38.004  -38.411  -11.715 2.0000000000
1676  -39.030  -33.680  -12.626 2.0000000000
1914  -37.525  -40.539  5.181 2.0000000000
2235  -40.016  -8.908  -27.958 2.0000000000
2236  -40.272  -6.003  -31.156 2.0000000000
2270  -38.148  -38.227  8.659 2.0000000000
2271  -38.172  -36.546  3.639 2.0000000000
2277  -37.296  -27.150  7.830 2.0000000000
2278  -37.573  -30.139  5.423 2.0000000000
2279  -37.890  -32.364  2.276 2.0000000000
2280  -38.180  -34.252  -1.088 2.0000000000
2282  -38.439  -28.257  -9.745 2.0000000000
2283  -38.702  -24.702  -13.695 2.0000000000
2284  -35.201  -20.235  -10.359 2.0000000000
2286  -39.019  -20.614  -17.638 2.0000000000
2289  -40.730  -12.593  -27.971 2.0000000000
2317  -41.086  -16.556  -28.264 2.0000000000
2455  -40.434  -3.765  -34.539 2.0000000000
2456  -40.461  -1.583  -38.478 2.0000000000
2457  -40.366  0.200  -43.033 2.0000000000
2461  -38.994  3.045  -52.324 2.0000000000
2462  -37.452  3.990  -56.892 2.0000000000
2603  -41.007  -10.615  -30.674 2.0000000000
2605  -40.923  -8.832  -31.568 2.0000000000
2687  -37.359  -40.683  1.082 2.0000000000
2689  -37.650  -39.423  -1.483 2.0000000000
2690  -37.970  -37.983  -3.913 2.0000000000
2691  -38.085  -37.163  -2.185 2.0000000000
2895  -40.665  -3.790  -46.843 2.0000000000
3115  -38.810  -27.611  14.270 2.0000000000
3117  -38.737  -29.555  13.292 2.0000000000
3118  -38.673  -31.494  12.128 2.0000000000
3119  -38.382  -29.495  11.020 2.0000000000
3127  -34.851  -24.275  -3.217 2.0000000000
3128  -35.652  -24.921  -4.752 2.0000000000
3152  -39.876  -27.362  -17.312 2.0000000000
3153  -40.119  -27.572  -19.184 2.0000000000
3154  -40.146  -25.346  -19.326 2.0000000000
3155  -40.369  -23.271  -21.196 2.0000000000
3156  -40.007  -23.033  -19.443 2.0000000000
3719  -38.856  -21.532  14.804 2.0000000000
3752  -38.599  -34.991  -8.487 2.0000000000
3753  -38.631  -35.510  -10.434 2.0000000000
4950  -39.468  -7.038  -28.044 2.0000000000
5035  -38.484  -34.753  9.236 2.0000000000
5036  -38.413  -36.756  10.297 2.0000000000
5037  -38.358  -36.121  7.744 2.0000000000
5038  -38.178  -37.406  6.110 2.0000000000
5039  -38.264  -35.333  5.277 2.0000000000
5051  -34.976  -24.268  3.065 2.0000000000
5055  -36.602  -26.665  5.706 2.0000000000
5056  -37.390  -28.695  6.620 2.0000000000
5057  -36.843  -28.060  4.630 2.0000000000
5060  -37.684  -31.296  0.062 2.0000000000
5061  -38.053  -33.356  0.631 2.0000000000
5062  -37.965  -32.157  -1.613 2.0000000000
5067  -37.944  -26.141  -10.043 2.0000000000
5069  -37.953  -24.274  -11.921 2.0000000000
5073  -36.500  -16.590  -15.820 2.0000000000
5074  -36.427  -18.497  -14.087 2.0000000000
5078  -39.177  -18.580  -19.447 2.0000000000
5148  -40.973  -18.848  -26.589 2.0000000000
5149  -40.859  -16.751  -26.522 2.0000000000
5150  -40.946  -14.630  -28.028 2.0000000000
5151  -40.630  -14.628  -26.417 2.0000000000
5490  -39.839  -4.088  -31.608 2.0000000000
5491  -40.380  -4.879  -32.820 2.0000000000
5492  -39.881  -2.579  -33.388 2.0000000000
5494  -40.041  -0.386  -37.240 2.0000000000
5496  -40.448  -0.683  -40.643 2.0000000000
5504  -39.593  3.868  -46.318 2.0000000000
5506  -39.570  2.261  -49.878 2.0000000000
5839  -41.263  -12.024  -32.598 2.0000000000
5996  -38.276  -36.579  -6.317 2.0000000000
5997  -38.532  -34.267  -6.761 2.0000000000
6355  -41.477  -13.181  -40.050 2.0000000000
6356  -41.487  -16.059  -40.299 2.0000000000
6764  -38.641  -35.377  14.138 2.0000000000
6765  -38.756  -33.380  13.151 2.0000000000
6766  -38.589  -33.174  10.766 2.0000000000
6767  -38.358  -32.726  8.554 2.0000000000
6775  -32.907  -21.536  0.608 2.0000000000
6776  -34.221  -23.561  1.296 2.0000000000
6777  -35.315  -25.456  1.794 2.0000000000
6778  -36.308  -27.403  2.468 2.0000000000
6781  -36.791  -28.074  -2.432 2.0000000000
6783  -36.567  -26.798  -4.376 2.0000000000
6784  -36.428  -25.416  -6.348 2.0000000000
6785  -36.282  -23.742  -8.347 2.0000000000
6788  -34.128  -14.861  -14.007 2.0000000000
6789  -35.400  -14.734  -15.759 2.0000000000
6790  -36.698  -14.759  -17.581 2.0000000000
6826  -39.525  -32.033  -16.674 2.0000000000
6831  -40.784  -23.535  -24.587 2.0000000000
6832  -40.627  -23.288  -22.974 2.0000000000
7388  -41.266  -7.929  -41.078 2.0000000000
7703  -38.502  -25.622  13.015 2.0000000000
7715  -33.179  -20.979  -5.450 2.0000000000
7716  -31.783  -19.165  -5.608 2.0000000000
7750  -38.148  -37.744  -9.949 2.0000000000
7751  -38.624  -35.985  -12.307 2.0000000000
7752  -39.071  -34.178  -14.525 2.0000000000
7755  -39.524  -27.177  -15.315 2.0000000000
9267  -40.539  -9.258  -29.305 2.0000000000
9268  -40.622  -7.945  -30.708 2.0000000000
9269  -40.158  -7.431  -29.499 2.0000000000
9270  -39.698  -5.507  -29.869 2.0000000000
9271  -39.099  -3.548  -30.177 2.0000000000
9274  -38.323  -1.604  -30.343 2.0000000000
9372  -37.713  -40.247  9.489 2.0000000000
9373  -37.863  -39.408  6.937 2.0000000000
9374  -37.939  -38.649  4.415 2.0000000000
9375  -38.037  -37.627  1.976 2.0000000000
9382  -38.268  -21.847  12.656 2.0000000000
9383  -38.109  -23.835  11.933 2.0000000000
9394  -37.897  -29.053  8.776 2.0000000000
9395  -37.990  -30.672  7.689 2.0000000000
9396  -38.060  -32.063  6.325 2.0000000000
9399  -38.114  -33.315  4.616 2.0000000000
9400  -38.157  -34.417  2.928 2.0000000000
9401  -38.171  -35.503  1.261 2.0000000000
9402  -38.149  -36.332  -0.465 2.0000000000
9403  -38.258  -35.074  -2.729 2.0000000000
9404  -38.384  -33.812  -4.858 2.0000000000
9405  -38.534  -32.126  -7.115 2.0000000000
9408  -38.708  -30.525  -9.279 2.0000000000
9410  -39.111  -26.830  -13.586 2.0000000000
9411  -39.294  -24.808  -15.609 2.0000000000
9412  -34.216  -21.525  -6.877 2.0000000000
9413  -35.224  -21.813  -8.526 2.0000000000
9414  -36.247  -22.138  -10.189 2.0000000000
9415  -35.294  -18.550  -12.235 2.0000000000
9416  -36.306  -20.332  -12.181 2.0000000000
9418  -38.104  -22.537  -13.868 2.0000000000
9419  -38.872  -22.635  -15.781 2.0000000000
9420  -39.505  -22.799  -17.623 2.0000000000
9421  -39.680  -20.666  -19.529 2.0000000000
9427  -40.306  -12.633  -26.355 2.0000000000
9428  -40.408  -10.783  -27.831 2.0000000000
9429  -40.787  -10.746  -29.304 2.0000000000
9507  -40.981  -21.266  -26.499 2.0000000000
9508  -41.129  -18.813  -28.263 2.0000000000
9510  -41.153  -14.373  -29.747 2.0000000000
9511  -41.000  -12.494  -29.466 2.0000000000
9921  -40.820  -5.156  -35.631 2.0000000000
9922  -39.988  -1.460  -35.288 2.0000000000
9923  -40.489  -2.762  -36.489 2.0000000000
9924  -40.833  -4.230  -37.574 2.0000000000
9925  -40.820  -3.381  -39.502 2.0000000000
9926  -40.766  -2.515  -41.643 2.0000000000
9927  -40.686  -2.017  -43.855 2.0000000000
9934  -39.815  2.963  -43.998 2.0000000000
9935  -40.234  0.804  -45.177 2.0000000000
9937  -40.173  -0.741  -48.457 2.0000000000
9938  -39.761  -0.332  -50.710 2.0000000000
9939  -39.174  0.228  -52.978 2.0000000000
9941  -38.266  3.680  -54.734 2.0000000000
9942  -38.423  0.615  -55.221 2.0000000000
15  -20.135  -14.550  45.743 2.0000000000
97  -23.703  -26.827  37.006 2.0000000000
99  -32.352  -9.350  32.580 2.0000000000
104  -12.283  -32.458  44.987 2.0000000000
230  -13.965  -18.084  52.286 2.0000000000
231  -10.345  -26.697  52.281 2.0000000000
232  -16.291  -23.333  46.117 2.0000000000
373  -2.356  -16.311  63.068 2.0000000000
463  -26.021  -34.169  34.554 2.0000000000
700  -21.321  -17.175  43.168 2.0000000000
701  -24.277  -15.779  40.298 2.0000000000
710  -17.121  -16.256  49.023 2.0000000000
711  -15.209  -20.563  49.457 2.0000000000
712  -18.238  -19.014  46.208 2.0000000000
713  -19.123  -21.826  43.384 2.0000000000
1015  -24.789  -30.365  35.646 2.0000000000
1016  -28.037  -30.011  34.150 2.0000000000
1017  -26.960  -26.026  35.306 2.0000000000
1019  -31.573  -17.355  33.193 2.0000000000
1020  -33.612  -13.210  31.295 2.0000000000
1045  -3.108  -23.139  61.768 2.0000000000
1049  -8.528  -31.285  51.721 2.0000000000
1055  -20.678  -27.865  38.639 2.0000000000
1057  -21.455  -31.403  37.002 2.0000000000
1058  -22.835  -35.064  35.617 2.0000000000
1547  -26.140  -22.290  36.632 2.0000000000
1548  -25.250  -18.900  38.315 2.0000000000
1550  -29.405  -10.144  35.805 2.0000000000
1566  -12.108  -22.345  52.593 2.0000000000
1567  -13.302  -24.991  49.228 2.0000000000
1568  -14.243  -27.811  45.684 2.0000000000
1569  -14.866  -30.900  42.597 2.0000000000
1570  -16.989  -26.190  43.177 2.0000000000
1814  -21.934  -10.286  44.512 2.0000000000
1827  -4.608  -18.862  61.311 2.0000000000
1830  -8.609  -17.311  58.185 2.0000000000
1831  -12.208  -15.780  54.978 2.0000000000
2043  -29.222  -33.952  33.105 2.0000000000
2046  -29.382  -21.724  34.455 2.0000000000
2052  -24.939  -8.576  40.991 2.0000000000
2620  -20.723  -15.877  44.480 2.0000000000
2621  -22.293  -15.085  42.830 2.0000000000
2622  -21.640  -13.816  44.073 2.0000000000
2631  -17.767  -17.590  47.587 2.0000000000
2632  -19.289  -16.730  45.972 2.0000000000
2633  -19.717  -18.143  44.723 2.0000000000
2936  -25.843  -28.275  35.510 2.0000000000
2937  -25.237  -26.457  36.205 2.0000000000
2938  -31.563  -11.459  33.484 2.0000000000
2940  -33.004  -11.111  31.921 2.0000000000
2966  -4.219  -24.296  60.474 2.0000000000
2975  -22.218  -27.260  37.799 2.0000000000
2976  -21.124  -29.539  37.735 2.0000000000
2977  -22.638  -29.071  37.003 2.0000000000
2978  -23.182  -30.851  36.293 2.0000000000
3536  -24.061  -21.192  38.580 2.0000000000
3539  -25.817  -15.100  38.869 2.0000000000
3540  -26.840  -12.969  38.252 2.0000000000
3541  -28.497  -12.348  36.607 2.0000000000
3542  -27.824  -10.783  37.480 2.0000000000
3565  -12.247  -18.971  53.990 2.0000000000
3566  -11.297  -21.074  54.234 2.0000000000
3567  -12.924  -20.294  52.610 2.0000000000
3568  -15.751  -22.055  47.763 2.0000000000
3569  -14.285  -22.831  49.322 2.0000000000
3570  -14.813  -24.281  47.542 2.0000000000
3571  -13.745  -26.444  47.479 2.0000000000
3572  -15.255  -25.567  45.948 2.0000000000
3573  -15.571  -27.149  44.330 2.0000000000
3574  -16.638  -24.778  44.613 2.0000000000
4013  -2.604  -19.648  62.731 2.0000000000
4021  -7.415  -16.145  59.359 2.0000000000
4023  -10.492  -16.529  56.557 2.0000000000
4480  -26.757  -36.038  34.016 2.0000000000
4481  -28.333  -35.853  33.350 2.0000000000
4482  -27.614  -34.060  33.892 2.0000000000
4483  -29.111  -27.896  33.809 2.0000000000
4488  -27.312  -20.205  36.260 2.0000000000
4489  -27.784  -21.947  35.549 2.0000000000
4490  -28.963  -19.762  35.073 2.0000000000
4492  -32.023  -19.268  32.643 2.0000000000
4493  -33.523  -19.216  31.252 2.0000000000
4504  -23.416  -9.501  42.768 2.0000000000
4578  -9.571  -25.429  54.118 2.0000000000
4579  -7.899  -26.231  55.770 2.0000000000
4580  -8.703  -27.650  53.926 2.0000000000
4610  -24.485  -34.424  35.108 2.0000000000
4611  -23.610  -36.724  35.060 2.0000000000
4612  -25.165  -36.305  34.582 2.0000000000
5866  -21.667  -18.791  42.006 2.0000000000
5867  -23.247  -18.086  40.571 2.0000000000
5868  -22.748  -16.666  41.688 2.0000000000
5884  -15.563  -17.178  50.656 2.0000000000
5885  -14.595  -19.295  50.958 2.0000000000
5886  -16.230  -18.453  49.218 2.0000000000
5887  -16.738  -19.859  47.767 2.0000000000
5888  -17.201  -21.287  46.246 2.0000000000
5889  -17.719  -22.635  44.656 2.0000000000
5890  -18.709  -20.398  44.778 2.0000000000
5891  -20.264  -19.511  43.310 2.0000000000
6433  -25.366  -32.241  35.087 2.0000000000
6434  -27.066  -32.145  34.364 2.0000000000
6435  -26.420  -30.169  34.922 2.0000000000
6436  -27.562  -27.866  34.679 2.0000000000
6437  -28.628  -25.844  34.355 2.0000000000
6441  -32.567  -15.220  32.368 2.0000000000
6487  -1.145  -23.856  63.215 2.0000000000
6492  -10.822  -28.204  50.520 2.0000000000
6493  -9.373  -28.868  52.180 2.0000000000
6505  -19.176  -28.632  39.475 2.0000000000
6507  -19.545  -30.296  38.490 2.0000000000
6508  -20.016  -31.944  37.623 2.0000000000
6509  -20.626  -33.796  36.795 2.0000000000
6510  -21.305  -35.443  36.133 2.0000000000
6511  -22.227  -33.062  36.248 2.0000000000
6512  -23.777  -32.734  35.661 2.0000000000
7444  -23.374  -25.063  37.753 2.0000000000
7445  -24.853  -24.534  36.916 2.0000000000
7446  -24.443  -22.806  37.721 2.0000000000
7447  -25.639  -20.633  37.460 2.0000000000
7448  -26.843  -18.408  37.059 2.0000000000
7449  -24.793  -17.236  39.286 2.0000000000
7453  -30.035  -11.920  35.058 2.0000000000
7454  -30.881  -9.732  34.212 2.0000000000
7490  -11.226  -24.460  52.516 2.0000000000
7491  -13.631  -21.482  51.064 2.0000000000
7492  -12.711  -23.704  50.960 2.0000000000
7493  -11.795  -25.956  50.728 2.0000000000
7494  -12.301  -27.239  49.029 2.0000000000
7497  -13.609  -31.654  43.703 2.0000000000
7498  -14.533  -29.322  44.137 2.0000000000
7499  -15.997  -28.529  42.801 2.0000000000
7500  -17.373  -27.672  41.748 2.0000000000
7501  -18.037  -24.068  43.298 2.0000000000
7505  -21.772  -25.659  38.704 2.0000000000
8072  -21.075  -12.423  45.177 2.0000000000
8107  -1.739  -21.749  63.112 2.0000000000
8108  -3.771  -21.090  61.641 2.0000000000
8109  -5.732  -20.202  60.175 2.0000000000
8112  -3.126  -14.314  62.521 2.0000000000
8115  -4.341  -15.598  61.715 2.0000000000
8116  -5.450  -16.852  60.853 2.0000000000
8117  -6.695  -18.207  59.712 2.0000000000
8120  -11.359  -17.828  55.359 2.0000000000
8121  -13.088  -16.858  53.743 2.0000000000
8124  -14.679  -15.975  52.166 2.0000000000
8700  -28.634  -32.001  33.624 2.0000000000
8701  -30.194  -31.894  32.753 2.0000000000
8706  -26.503  -24.219  35.934 2.0000000000
8707  -28.147  -23.900  34.951 2.0000000000
8708  -29.768  -23.620  33.917 2.0000000000
8709  -30.469  -19.505  33.922 2.0000000000
8710  -31.013  -21.395  33.276 2.0000000000
8724  -22.487  -11.735  43.560 2.0000000000
8729  -27.181  -9.336  38.312 2.0000000000
8730  -28.657  -8.542  36.671 2.0000000000
8731  -30.205  -7.985  34.928 2.0000000000
8732  -31.760  -7.548  33.145 2.0000000000
8815  -7.023  -24.826  57.450 2.0000000000
8818  -7.886  -29.937  53.592 2.0000000000
8854  -21.935  -37.330  35.535 2.0000000000
18  -6.166  -51.718  41.303 2.0000000000
65  -29.929  -54.890  6.585 2.0000000000
188  -21.196  -52.288  32.074 2.0000000000
405  -25.110  -62.665  10.161 2.0000000000
406  -27.885  -56.969  17.029 2.0000000000
409  -11.320  -48.852  37.987 2.0000000000
555  -27.805  -59.346  -0.555 2.0000000000
772  -3.625  -53.201  43.278 2.0000000000
773  -2.084  -58.168  41.223 2.0000000000
774  -4.729  -56.803  39.593 2.0000000000
914  -23.833  -60.194  23.247 2.0000000000
915  -25.264  -60.347  18.772 2.0000000000
922  -14.033  -47.435  36.708 2.0000000000
923  -12.925  -52.296  35.934 2.0000000000
926  -20.126  -56.924  30.483 2.0000000000
927  -22.235  -58.789  27.332 2.0000000000
1222  -27.523  -58.705  8.216 2.0000000000
1223  -26.363  -61.220  4.763 2.0000000000
1484  -26.513  -52.167  28.326 2.0000000000
1485  -28.175  -53.397  24.637 2.0000000000
1491  -22.142  -47.531  33.289 2.0000000000
1492  -24.335  -50.249  31.220 2.0000000000
1908  -28.840  -56.290  11.958 2.0000000000
1909  -29.510  -53.756  20.245 2.0000000000
1910  -30.496  -53.494  15.242 2.0000000000
1911  -31.426  -52.492  10.147 2.0000000000
1912  -33.840  -48.696  8.407 2.0000000000
1917  -10.101  -53.863  37.012 2.0000000000
1918  -11.831  -57.371  34.665 2.0000000000
1919  -13.911  -60.684  32.128 2.0000000000
1922  -15.851  -63.711  29.183 2.0000000000
2305  -29.549  -57.050  -5.948 2.0000000000
2692  -4.861  -52.699  42.147 2.0000000000
2693  -4.091  -55.111  41.374 2.0000000000
2694  -5.489  -54.239  40.501 2.0000000000
2834  -24.450  -58.265  24.784 2.0000000000
2835  -25.237  -58.591  22.687 2.0000000000
2843  -14.982  -49.027  35.821 2.0000000000
2846  -22.726  -56.739  28.520 2.0000000000
2848  -23.082  -59.536  25.456 2.0000000000
3142  -28.755  -56.730  7.434 2.0000000000
3144  -29.270  -56.034  4.647 2.0000000000
3434  -27.034  -49.989  29.408 2.0000000000
3446  -24.835  -47.893  31.959 2.0000000000
3447  -25.871  -49.149  30.790 2.0000000000
3448  -25.509  -51.276  29.865 2.0000000000
3760  -2.766  -59.795  39.223 2.0000000000
3761  -1.426  -60.525  39.922 2.0000000000
4187  -26.571  -58.644  18.025 2.0000000000
4188  -25.871  -60.154  16.339 2.0000000000
4189  -27.132  -58.423  15.415 2.0000000000
4190  -27.599  -58.124  12.696 2.0000000000
4191  -28.314  -56.789  14.531 2.0000000000
4192  -29.587  -51.943  23.874 2.0000000000
4193  -28.873  -53.701  22.493 2.0000000000
4194  -30.223  -52.157  21.750 2.0000000000
4197  -31.791  -51.685  14.395 2.0000000000
4198  -30.951  -53.086  12.646 2.0000000000
4200  -32.673  -50.590  9.067 2.0000000000
4207  -10.058  -49.361  38.757 2.0000000000
4208  -9.433  -52.018  38.197 2.0000000000
4209  -10.737  -51.305  37.551 2.0000000000
4210  -13.900  -54.030  34.897 2.0000000000
4211  -12.462  -54.867  35.319 2.0000000000
4214  -14.315  -58.346  33.051 2.0000000000
4218  -19.660  -59.106  29.500 2.0000000000
4221  -16.515  -61.276  30.349 2.0000000000
4223  -16.962  -64.755  27.540 2.0000000000
4224  -18.543  -63.582  27.080 2.0000000000
5107  -23.952  -64.636  10.970 2.0000000000
5109  -24.541  -64.105  8.317 2.0000000000
5110  -27.065  -60.321  2.054 2.0000000000
5175  -8.224  -57.048  36.796 2.0000000000
6000  -2.844  -55.789  42.268 2.0000000000
6001  -3.402  -57.545  40.337 2.0000000000
6256  -24.578  -60.397  21.053 2.0000000000
6257  -26.015  -58.618  20.406 2.0000000000
6258  -27.378  -57.020  19.463 2.0000000000
6260  -31.652  -50.393  20.923 2.0000000000
6268  -12.636  -48.052  37.356 2.0000000000
6269  -12.059  -50.586  36.947 2.0000000000
6270  -13.458  -49.834  36.376 2.0000000000
6272  -15.400  -53.449  34.384 2.0000000000
6273  -22.352  -53.552  30.826 2.0000000000
6274  -20.622  -54.559  31.393 2.0000000000
6275  -21.692  -55.779  30.036 2.0000000000
6276  -21.216  -58.013  28.961 2.0000000000
6277  -20.655  -60.201  27.817 2.0000000000
6278  -20.066  -62.312  26.600 2.0000000000
6279  -21.571  -60.981  26.040 2.0000000000
6808  -26.248  -60.789  9.168 2.0000000000
6809  -25.627  -62.179  7.459 2.0000000000
7306  -27.416  -52.770  26.676 2.0000000000
7307  -28.824  -51.547  25.892 2.0000000000
7319  -21.615  -49.847  32.780 2.0000000000
7320  -23.751  -46.607  32.913 2.0000000000
7321  -23.227  -48.917  32.366 2.0000000000
7322  -22.740  -51.216  31.699 2.0000000000
7323  -23.853  -52.343  30.466 2.0000000000
7736  -30.516  -54.011  3.893 2.0000000000
7737  -31.756  -51.995  2.892 2.0000000000
7767  -13.795  -67.040  28.016 2.0000000000
8328  -24.536  -63.171  12.725 2.0000000000
8332  -26.945  -59.393  10.839 2.0000000000
8333  -28.129  -57.544  10.193 2.0000000000
8334  -29.342  -55.699  9.308 2.0000000000
8337  -28.638  -55.448  18.756 2.0000000000
8338  -30.831  -52.084  19.586 2.0000000000
8339  -30.066  -53.643  17.866 2.0000000000
8340  -29.208  -55.217  16.162 2.0000000000
8341  -29.727  -54.814  13.560 2.0000000000
8342  -30.098  -54.461  10.927 2.0000000000
8343  -30.649  -53.720  8.374 2.0000000000
8344  -31.946  -51.728  7.475 2.0000000000
8346  -34.275  -47.873  5.696 2.0000000000
8354  -6.775  -53.575  39.664 2.0000000000
8355  -8.085  -52.704  38.962 2.0000000000
8356  -8.725  -54.592  37.620 2.0000000000
8357  -9.516  -56.469  36.281 2.0000000000
8358  -11.541  -53.233  36.384 2.0000000000
8359  -10.989  -55.704  35.775 2.0000000000
8360  -10.375  -58.038  35.108 2.0000000000
8363  -13.250  -63.141  31.079 2.0000000000
8366  -16.416  -54.962  33.398 2.0000000000
8369  -15.913  -57.435  32.657 2.0000000000
8370  -15.442  -59.940  31.718 2.0000000000
8371  -14.874  -62.190  30.777 2.0000000000
8372  -14.335  -64.634  29.501 2.0000000000
8373  -15.418  -65.999  27.744 2.0000000000
9468  -29.974  -54.984  2.002 2.0000000000
9469  -29.380  -56.169  0.275 2.0000000000
9473  -28.608  -58.345  -3.370 2.0000000000
9539  -6.035  -56.164  38.859 2.0000000000
107  28.895  -12.631  65.377 2.0000000000
486  29.248  -11.238  56.519 2.0000000000
488  25.601  -12.921  71.487 2.0000000000
1062  29.328  -6.157  63.736 2.0000000000
1063  29.591  -5.740  59.543 2.0000000000
1064  29.318  -12.261  61.173 2.0000000000
1065  28.981  -17.544  58.448 2.0000000000
1066  28.908  -18.128  62.787 2.0000000000
1070  22.978  -27.907  71.531 2.0000000000
1071  25.064  -23.442  71.003 2.0000000000
1072  25.451  -28.700  69.380 2.0000000000
1576  28.351  -6.818  67.607 2.0000000000
1705  28.411  -15.480  48.858 2.0000000000
1706  28.305  -13.965  44.669 2.0000000000
2103  29.450  -4.727  54.909 2.0000000000
2104  28.935  -10.386  52.006 2.0000000000
2105  28.709  -16.821  53.642 2.0000000000
2109  26.543  -6.946  70.432 2.0000000000
2110  27.744  -12.651  68.894 2.0000000000
2111  24.254  -18.001  72.156 2.0000000000
2112  26.678  -18.336  70.079 2.0000000000
2113  28.223  -18.341  66.851 2.0000000000
2982  29.128  -9.319  64.648 2.0000000000
2983  29.385  -9.236  62.429 2.0000000000
2984  29.189  -12.238  63.412 2.0000000000
2985  29.139  -15.206  61.973 2.0000000000
2986  28.955  -15.329  64.167 2.0000000000
2991  24.282  -28.334  70.641 2.0000000000
3586  27.890  -3.810  68.369 2.0000000000
3802  28.325  -18.585  49.757 2.0000000000
3803  28.228  -17.921  47.430 2.0000000000
4625  29.463  -8.361  58.042 2.0000000000
4626  29.558  -5.235  57.258 2.0000000000
4627  29.354  -8.143  55.797 2.0000000000
4628  29.207  -7.485  53.402 2.0000000000
4629  29.103  -10.726  54.180 2.0000000000
4630  28.827  -13.601  52.861 2.0000000000
4631  28.978  -14.217  55.087 2.0000000000
4640  24.884  -10.140  71.866 2.0000000000
4641  25.329  -7.253  71.416 2.0000000000
4642  26.133  -10.092  71.002 2.0000000000
4643  27.198  -9.661  69.813 2.0000000000
4644  26.788  -12.762  70.355 2.0000000000
4647  23.316  -20.401  72.396 2.0000000000
4648  26.251  -23.646  69.673 2.0000000000
4649  25.954  -21.089  70.542 2.0000000000
4650  26.926  -21.087  69.234 2.0000000000
4651  27.535  -18.413  68.647 2.0000000000
4653  28.215  -21.298  65.780 2.0000000000
5295  28.217  -16.371  43.144 2.0000000000
6520  29.530  -5.876  61.693 2.0000000000
6521  29.474  -8.939  60.296 2.0000000000
6522  29.328  -11.828  58.817 2.0000000000
6523  29.123  -14.480  57.451 2.0000000000
6524  29.182  -14.939  59.792 2.0000000000
6525  28.998  -17.911  60.632 2.0000000000
6526  28.754  -20.895  61.435 2.0000000000
6531  24.181  -12.698  72.285 2.0000000000
6532  22.642  -25.430  72.086 2.0000000000
6533  23.737  -23.039  71.948 2.0000000000
6534  24.083  -25.699  71.336 2.0000000000
6535  25.374  -26.145  70.157 2.0000000000
7515  28.946  -6.309  65.747 2.0000000000
7516  28.725  -9.589  66.489 2.0000000000
7821  28.335  -14.599  46.680 2.0000000000
7822  28.188  -17.235  45.338 2.0000000000
8873  29.687  -2.233  58.673 2.0000000000
8874  29.647  -1.918  56.453 2.0000000000
8875  29.564  -1.122  54.195 2.0000000000
8880  28.554  -16.114  51.269 2.0000000000
8881  28.448  -19.406  52.083 2.0000000000
8882  28.873  -17.244  56.134 2.0000000000
8892  25.743  -4.048  70.832 2.0000000000
8893  26.871  -3.849  69.803 2.0000000000
8894  27.561  -6.690  69.144 2.0000000000
8895  28.066  -9.648  68.310 2.0000000000
8896  28.425  -12.477  67.252 2.0000000000
8899  24.947  -15.443  71.889 2.0000000000
8900  24.765  -20.693  71.625 2.0000000000
8901  25.596  -18.288  71.245 2.0000000000
8902  26.169  -15.638  70.923 2.0000000000
8903  27.215  -15.431  69.625 2.0000000000
8904  28.000  -15.608  68.054 2.0000000000
8905  28.571  -15.547  66.251 2.0000000000
8906  28.649  -18.444  64.895 2.0000000000
8907  28.584  -21.046  63.684 2.0000000000
301  26.855  -81.102  13.172 2.0000000000
569  24.341  -64.688  -4.545 2.0000000000
570  23.080  -69.604  -11.611 2.0000000000
781  27.184  -76.847  18.158 2.0000000000
1260  24.324  -69.630  -4.589 2.0000000000
1261  25.240  -71.386  -0.769 2.0000000000
1692  26.108  -72.858  3.599 2.0000000000
1694  26.899  -79.966  8.436 2.0000000000
2345  23.713  -63.121  -7.709 2.0000000000
2346  22.977  -65.244  -10.817 2.0000000000
2347  23.482  -67.641  -8.117 2.0000000000
2348  23.875  -72.334  -8.446 2.0000000000
2356  26.355  -81.976  18.019 2.0000000000
2398  24.999  -59.961  -4.417 2.0000000000
2700  27.494  -74.129  18.107 2.0000000000
3180  25.133  -68.901  -0.737 2.0000000000
3181  25.587  -69.714  1.366 2.0000000000
3784  26.926  -80.569  10.915 2.0000000000
5219  24.005  -63.835  -6.203 2.0000000000
5220  23.511  -65.367  -7.932 2.0000000000
5221  23.859  -66.206  -6.301 2.0000000000
5223  24.040  -71.060  -6.578 2.0000000000
5224  24.347  -73.558  -6.767 2.0000000000
5225  24.253  -74.809  -8.766 2.0000000000
5227  26.311  -75.574  3.761 2.0000000000
5228  25.922  -74.737  1.504 2.0000000000
5229  26.182  -77.370  1.392 2.0000000000
5242  26.155  -79.989  22.830 2.0000000000
5243  26.571  -79.613  20.625 2.0000000000
5244  25.956  -82.086  20.365 2.0000000000
5350  24.980  -62.885  -2.602 2.0000000000
5352  24.622  -62.190  -4.440 2.0000000000
5626  22.962  -67.422  -11.192 2.0000000000
6015  26.986  -79.026  15.654 2.0000000000
6875  24.735  -65.469  -2.698 2.0000000000
6876  24.250  -67.249  -4.565 2.0000000000
6877  24.701  -67.904  -2.620 2.0000000000
6878  24.764  -70.510  -2.802 2.0000000000
6880  26.733  -81.141  3.504 2.0000000000
6882  26.730  -82.746  1.152 2.0000000000
7120  23.369  -71.996  -11.844 2.0000000000
7788  26.000  -70.374  3.492 2.0000000000
7789  26.410  -71.060  5.844 2.0000000000
7791  26.618  -76.430  6.011 2.0000000000
7793  26.857  -77.204  8.457 2.0000000000
7794  26.758  -79.124  5.993 2.0000000000
9595  23.277  -64.172  -9.297 2.0000000000
9596  23.188  -66.469  -9.516 2.0000000000
9597  23.249  -68.804  -9.798 2.0000000000
9598  23.863  -68.597  -6.473 2.0000000000
9599  23.603  -69.869  -8.255 2.0000000000
9600  23.452  -71.061  -10.033 2.0000000000
9601  23.809  -73.607  -10.363 2.0000000000
9604  25.699  -72.225  1.371 2.0000000000
9605  25.480  -73.995  -0.738 2.0000000000
9607  26.118  -79.231  -1.039 2.0000000000
9622  27.046  -77.155  20.678 2.0000000000
9623  26.812  -79.473  18.225 2.0000000000
9624  26.655  -81.649  15.641 2.0000000000
9626  26.229  -84.135  15.304 2.0000000000
9627  26.600  -83.540  12.954 2.0000000000
9753  24.718  -59.390  -6.085 2.0000000000
9754  24.046  -60.877  -7.663 2.0000000000
20  28.038  -33.745  54.356 2.0000000000
309  28.180  -31.650  44.657 2.0000000000
418  27.279  -44.074  57.527 2.0000000000
419  28.408  -43.200  47.940 2.0000000000
490  27.064  -34.269  63.492 2.0000000000
1708  28.097  -25.463  43.261 2.0000000000
1709  28.419  -30.278  40.344 2.0000000000
1936  27.798  -39.086  56.102 2.0000000000
1937  28.144  -38.622  51.017 2.0000000000
1938  28.004  -43.875  52.834 2.0000000000
2116  27.776  -34.279  59.094 2.0000000000
2117  27.096  -39.093  60.675 2.0000000000
2382  28.336  -37.793  46.222 2.0000000000
2384  28.929  -35.113  37.121 2.0000000000
2709  28.075  -33.356  51.772 2.0000000000
3807  28.118  -28.588  44.046 2.0000000000
3808  28.226  -27.832  41.841 2.0000000000
3809  28.276  -31.095  42.477 2.0000000000
4252  27.588  -41.540  56.798 2.0000000000
4253  27.894  -41.469  54.343 2.0000000000
4254  27.689  -44.020  55.251 2.0000000000
4658  27.846  -31.619  60.625 2.0000000000
4659  27.508  -34.212  61.320 2.0000000000
4660  27.490  -36.847  59.775 2.0000000000
4661  27.070  -36.775  62.043 2.0000000000
5310  28.253  -40.862  49.580 2.0000000000
5311  28.239  -38.074  48.606 2.0000000000
5312  28.388  -40.569  47.069 2.0000000000
5316  28.720  -35.886  39.268 2.0000000000
6541  26.490  -36.750  64.068 2.0000000000
7826  28.128  -22.048  42.475 2.0000000000
8410  27.951  -36.603  55.152 2.0000000000
8411  28.068  -36.150  52.657 2.0000000000
8412  28.005  -38.924  53.558 2.0000000000
8413  28.107  -41.238  51.903 2.0000000000
8914  27.944  -34.180  56.757 2.0000000000
8915  27.760  -36.750  57.604 2.0000000000
8916  27.499  -39.374  58.365 2.0000000000
8917  27.130  -41.664  59.265 2.0000000000
8918  26.520  -39.244  62.724 2.0000000000
8919  26.594  -41.524  61.353 2.0000000000
8920  26.745  -44.036  59.688 2.0000000000
9702  28.131  -35.696  50.264 2.0000000000
9703  28.190  -35.302  47.788 2.0000000000
9704  28.256  -34.778  45.474 2.0000000000
9705  28.508  -40.033  44.609 2.0000000000
9707  28.347  -34.194  43.211 2.0000000000
9708  28.479  -33.531  40.945 2.0000000000
9709  28.668  -32.724  38.733 2.0000000000
9718  29.199  -34.653  35.079 2.0000000000
35  33.974  -22.298  20.887 2.0000000000
426  32.522  -10.493  27.551 2.0000000000
801  34.120  -28.335  16.926 2.0000000000
951  31.708  -4.457  30.424 2.0000000000
1956  33.359  -16.176  24.431 2.0000000000
2379  30.942  -12.384  30.982 2.0000000000
2380  31.729  -17.808  28.057 2.0000000000
2721  34.104  -25.384  18.984 2.0000000000
2871  31.319  -1.990  31.764 2.0000000000
4292  32.973  -6.358  27.248 2.0000000000
4293  33.840  -5.347  25.510 2.0000000000
4294  33.446  -9.222  25.703 2.0000000000
4295  33.859  -12.534  24.093 2.0000000000
4296  33.002  -13.088  25.962 2.0000000000
5306  30.990  -18.835  29.784 2.0000000000
5307  31.399  -21.632  28.151 2.0000000000
5308  32.131  -20.807  26.379 2.0000000000
6320  32.516  -3.380  28.741 2.0000000000
6321  32.119  -7.265  29.013 2.0000000000
8461  34.196  -1.189  25.380 2.0000000000
8466  33.755  -19.083  22.637 2.0000000000
9694  31.283  -8.363  30.799 2.0000000000
9695  31.703  -11.217  29.315 2.0000000000
9696  30.575  -16.111  31.346 2.0000000000
9697  31.322  -15.189  29.560 2.0000000000
9698  32.159  -14.268  27.697 2.0000000000
9699  32.532  -17.131  26.213 2.0000000000
9700  32.954  -19.950  24.469 2.0000000000
9701  33.240  -23.082  22.717 2.0000000000
14  -1.930  45.242  45.438 2.0000000000
366  -3.694  32.370  50.033 2.0000000000
379  4.078  38.457  52.146 2.0000000000
695  -5.926  41.624  44.707 2.0000000000
1811  -6.765  35.325  46.971 2.0000000000
1843  1.015  41.886  48.752 2.0000000000
1845  3.180  31.599  54.431 2.0000000000
2134  4.940  45.613  49.486 2.0000000000
2615  -3.885  43.420  45.125 2.0000000000
2616  -5.308  44.920  43.524 2.0000000000
3981  -7.113  32.194  48.012 2.0000000000
3983  -4.742  36.960  47.522 2.0000000000
4054  1.314  30.010  53.921 2.0000000000
4703  2.627  40.170  50.501 2.0000000000
4704  2.942  43.633  49.139 2.0000000000
4705  4.385  41.945  50.808 2.0000000000
6175  -2.129  30.454  51.705 2.0000000000
6566  5.495  36.469  53.893 2.0000000000
6567  5.850  40.023  52.596 2.0000000000
8069  -4.415  40.262  46.261 2.0000000000
8070  -2.383  41.811  46.764 2.0000000000
8155  -0.471  43.679  47.040 2.0000000000
8158  2.140  36.723  51.685 2.0000000000
8159  -0.170  31.829  52.310 2.0000000000
8160  1.705  33.447  52.778 2.0000000000
8161  3.657  34.921  53.372 2.0000000000
8971  6.266  43.499  51.316 2.0000000000
303  19.816  -96.833  8.565 2.0000000000
575  24.625  -98.461  0.071 2.0000000000
1266  27.059  -92.674  -2.756 2.0000000000
1270  19.343  -100.675  2.304 2.0000000000
1699  16.364  -98.395  6.497 2.0000000000
2361  26.296  -94.004  1.616 2.0000000000
2362  26.166  -97.615  -4.314 2.0000000000
3186  27.002  -90.999  0.084 2.0000000000
3190  18.827  -102.407  -0.798 2.0000000000
3192  20.254  -102.991  -2.768 2.0000000000
3193  21.688  -103.301  -4.961 2.0000000000
5258  26.248  -95.871  -1.175 2.0000000000
5259  25.537  -97.980  -1.935 2.0000000000
5260  23.734  -103.189  -9.288 2.0000000000
6899  24.547  -100.053  -3.000 2.0000000000
6900  23.286  -101.731  -3.792 2.0000000000
6901  22.904  -103.242  -6.957 2.0000000000
7804  16.586  -96.535  9.440 2.0000000000
7805  18.157  -97.927  7.257 2.0000000000
7806  17.814  -99.693  4.371 2.0000000000
9638  26.252  -92.115  4.536 2.0000000000
9639  26.720  -91.532  2.365 2.0000000000
9640  26.747  -93.400  -0.385 2.0000000000
9641  26.733  -95.156  -3.282 2.0000000000
9644  25.966  -99.176  -7.179 2.0000000000
265  -14.229  88.203  -16.397 2.0000000000
1629  -16.043  84.702  -11.064 2.0000000000
1630  -18.947  79.363  -10.290 2.0000000000
1880  -14.263  85.347  -6.131 2.0000000000
2220  -21.058  73.777  -9.677 2.0000000000
3676  -16.758  84.113  -13.311 2.0000000000
3677  -15.900  85.790  -15.988 2.0000000000
3679  -16.879  83.637  -19.857 2.0000000000
4913  -19.504  78.536  -12.486 2.0000000000
4914  -20.097  76.640  -10.106 2.0000000000
4915  -20.504  75.730  -11.887 2.0000000000
5950  -14.811  87.427  -18.723 2.0000000000
7641  -16.827  82.567  -8.349 2.0000000000
7642  -18.161  80.177  -8.173 2.0000000000
7643  -17.615  82.080  -10.785 2.0000000000
7644  -18.232  81.390  -12.863 2.0000000000
7645  -18.726  80.465  -14.731 2.0000000000
7647  -17.829  82.199  -17.432 2.0000000000
8258  -15.907  82.934  -5.893 2.0000000000
9222  -19.490  77.321  -7.841 2.0000000000
9223  -20.556  74.631  -7.638 2.0000000000
391  -15.000  69.899  13.397 2.0000000000
1874  -19.379  65.467  7.842 2.0000000000
1875  -17.036  70.457  8.570 2.0000000000
1876  -16.426  75.671  4.099 2.0000000000
4118  -17.315  67.766  10.619 2.0000000000
4119  -16.034  70.140  11.066 2.0000000000
4121  -15.464  75.539  6.372 2.0000000000
4122  -15.017  78.169  4.022 2.0000000000
4123  -16.054  78.252  1.574 2.0000000000
4458  -16.928  61.978  16.986 2.0000000000
4905  -19.212  68.000  5.817 2.0000000000
6214  -13.664  72.094  13.661 2.0000000000
8239  -18.745  62.689  12.010 2.0000000000
8241  -18.454  65.419  10.183 2.0000000000
8242  -18.271  68.020  8.143 2.0000000000
8244  -15.791  72.960  8.619 2.0000000000
8245  -16.836  72.961  6.344 2.0000000000
8247  -17.461  75.620  1.661 2.0000000000
8668  -17.864  62.252  14.557 2.0000000000
181  -31.961  28.606  -5.788 2.0000000000
453  -33.539  32.553  -0.542 2.0000000000
454  -32.091  33.221  7.583 2.0000000000
993  -34.735  29.406  5.169 2.0000000000
2013  -35.186  28.415  -2.005 2.0000000000
2015  -33.082  33.203  3.184 2.0000000000
3422  -32.373  25.798  -5.796 2.0000000000
3424  -30.985  26.826  -6.474 2.0000000000
4415  -33.496  31.226  6.381 2.0000000000
4416  -33.847  31.436  4.248 2.0000000000
4417  -32.669  33.211  5.364 2.0000000000
4418  -31.807  35.228  4.348 2.0000000000
4882  -34.404  30.526  -1.357 2.0000000000
4883  -34.207  29.818  -2.882 2.0000000000
5799  -33.214  27.431  -5.085 2.0000000000
6392  -36.674  25.360  5.323 2.0000000000
6394  -35.560  27.330  6.249 2.0000000000
6395  -34.325  29.139  7.462 2.0000000000
6673  -32.480  34.740  0.254 2.0000000000
6674  -32.525  34.292  -1.534 2.0000000000
8616  -34.425  30.934  0.396 2.0000000000
8618  -34.279  31.132  2.214 2.0000000000
8619  -33.366  32.998  1.300 2.0000000000
8620  -32.233  35.057  2.162 2.0000000000
8625  -31.470  32.978  9.999 2.0000000000
9186  -34.928  27.467  -3.299 2.0000000000
9187  -33.821  28.884  -4.077 2.0000000000
9188  -32.664  30.031  -4.889 2.0000000000
9189  -32.417  33.525  -3.118 2.0000000000
9190  -32.062  32.588  -4.454 2.0000000000
9191  -31.410  31.491  -5.594 2.0000000000
611  -28.243  21.246  -64.302 2.0000000000
1361  -20.777  25.315  -68.742 2.0000000000
1362  -24.450  25.216  -65.215 2.0000000000
1363  -24.862  21.440  -68.167 2.0000000000
1755  -16.713  24.524  -71.053 2.0000000000
3281  -20.831  23.295  -70.040 2.0000000000
3282  -22.741  23.563  -68.608 2.0000000000
3884  -16.588  26.495  -69.867 2.0000000000
3885  -14.665  25.787  -70.715 2.0000000000
3886  -14.770  23.610  -71.771 2.0000000000
5524  -26.358  23.292  -64.944 2.0000000000
5530  -30.119  18.853  -63.484 2.0000000000
7057  -20.494  27.057  -67.223 2.0000000000
7059  -22.726  25.415  -67.031 2.0000000000
7060  -24.614  23.480  -66.960 2.0000000000
7061  -26.573  21.424  -66.431 2.0000000000
7062  -28.554  19.204  -65.530 2.0000000000
7933  -18.567  26.958  -68.650 2.0000000000
7934  -18.786  25.081  -70.018 2.0000000000
9967  -30.363  16.625  -64.632 2.0000000000
536  -18.008  7.659  -12.467 2.0000000000
2249  -16.545  13.871  -13.205 2.0000000000
2250  -17.880  10.740  -15.519 2.0000000000
2251  -20.310  8.561  -18.545 2.0000000000
2252  -20.656  12.235  -22.516 2.0000000000
4986  -18.992  9.394  -16.877 2.0000000000
4987  -19.099  11.037  -18.609 2.0000000000
4988  -20.485  10.297  -20.415 2.0000000000
4993  -21.360  17.403  -28.969 2.0000000000
6730  -17.812  7.961  -10.502 2.0000000000
6731  -17.461  9.356  -11.584 2.0000000000
9306  -16.819  12.579  -12.040 2.0000000000
9307  -17.265  10.547  -12.837 2.0000000000
9309  -17.053  12.201  -14.221 2.0000000000
9310  -17.912  9.190  -13.990 2.0000000000
9311  -18.882  7.852  -15.209 2.0000000000
9314  -21.725  8.139  -20.333 2.0000000000
9315  -21.969  9.995  -22.379 2.0000000000
9316  -22.254  11.829  -24.515 2.0000000000
9318  -20.883  13.899  -24.494 2.0000000000
9319  -22.508  13.635  -26.663 2.0000000000
9320  -22.717  15.449  -28.890 2.0000000000
260  27.417  97.489  -32.336 2.0000000000
1620  26.771  94.077  -37.929 2.0000000000
1621  28.895  87.369  -40.322 2.0000000000
1622  29.635  91.400  -35.052 2.0000000000
3658  25.965  98.601  -33.706 2.0000000000
3659  25.423  97.018  -36.622 2.0000000000
3660  27.072  95.981  -35.286 2.0000000000
3661  28.319  92.876  -36.507 2.0000000000
3662  28.555  94.685  -33.665 2.0000000000
7619  24.882  95.201  -39.116 2.0000000000
7622  27.874  90.943  -39.172 2.0000000000
7623  29.384  89.352  -37.857 2.0000000000
2389  31.603  -31.056  24.876 2.0000000000
2390  32.851  -29.763  20.983 2.0000000000
2391  32.687  -35.680  17.052 2.0000000000
2392  31.915  -41.406  12.597 2.0000000000
5331  32.233  -30.473  22.853 2.0000000000
5332  32.276  -33.530  20.963 2.0000000000
5333  32.843  -32.652  19.114 2.0000000000
5334  32.212  -36.337  19.069 2.0000000000
9725  31.368  -28.211  26.666 2.0000000000
9731  33.107  -35.242  14.894 2.0000000000
9732  32.032  -39.138  16.897 2.0000000000
9733  32.399  -38.532  14.857 2.0000000000
9734  32.729  -37.933  12.786 2.0000000000
295  -16.963  -69.923  22.262 2.0000000000
296  -10.728  -74.967  22.278 2.0000000000
1684  -11.645  -70.294  26.473 2.0000000000
1685  -13.954  -72.549  22.552 2.0000000000
3766  -14.397  -70.351  24.529 2.0000000000
3767  -15.575  -71.141  22.523 2.0000000000
5183  -11.192  -72.672  24.432 2.0000000000
5185  -9.662  -73.501  24.407 2.0000000000
6004  -16.491  -72.005  20.272 2.0000000000
6005  -17.493  -72.436  17.937 2.0000000000
6854  -10.169  -77.238  20.023 2.0000000000
6855  -9.114  -75.872  22.186 2.0000000000
7770  -12.787  -71.565  24.535 2.0000000000
7771  -12.280  -73.682  22.656 2.0000000000
7772  -14.974  -73.364  20.522 2.0000000000
7773  -13.475  -74.758  20.394 2.0000000000
7774  -11.902  -75.972  20.296 2.0000000000
9551  -7.950  -74.419  24.252 2.0000000000
313  28.314  -59.392  12.525 2.0000000000
1716  28.655  -60.431  17.230 2.0000000000
1717  27.729  -64.946  12.663 2.0000000000
3821  27.989  -65.488  15.224 2.0000000000
3823  27.272  -67.099  10.531 2.0000000000
5340  28.836  -57.267  14.768 2.0000000000
5342  28.730  -56.546  12.468 2.0000000000
6948  27.734  -61.517  10.276 2.0000000000
6949  28.067  -58.982  10.159 2.0000000000
7844  28.490  -59.935  14.786 2.0000000000
7845  28.384  -63.342  17.406 2.0000000000
7846  28.192  -62.739  14.842 2.0000000000
7847  27.955  -62.248  12.461 2.0000000000
66  -35.787  -43.277  20.052 2.0000000000
186  -32.758  -42.376  28.029 2.0000000000
917  -33.552  -46.973  21.596 2.0000000000
1487  -32.107  -46.425  25.913 2.0000000000
1488  -34.483  -43.068  24.458 2.0000000000
2264  -34.890  -38.909  26.624 2.0000000000
2265  -36.414  -39.539  22.798 2.0000000000
2837  -34.753  -45.047  20.928 2.0000000000
3437  -31.536  -43.929  28.694 2.0000000000
3439  -32.557  -44.376  26.976 2.0000000000
3440  -33.341  -44.922  25.067 2.0000000000
3441  -33.727  -42.718  26.292 2.0000000000
5021  -34.841  -36.803  27.578 2.0000000000
5023  -35.791  -39.068  24.779 2.0000000000
7312  -32.882  -46.809  23.819 2.0000000000
7314  -35.191  -43.269  22.313 2.0000000000
9354  -33.835  -40.679  27.420 2.0000000000
9355  -34.779  -40.954  25.613 2.0000000000
9356  -35.521  -41.272  23.663 2.0000000000
9357  -36.144  -41.502  21.503 2.0000000000
3  5.291  92.216  13.272 2.0000000000
172  10.600  99.450  7.456 2.0000000000
652  7.567  95.675  10.603 2.0000000000
654  7.820  92.088  15.740 2.0000000000
2572  6.297  93.782  12.114 2.0000000000
2573  7.773  94.002  13.195 2.0000000000
2574  6.417  92.255  14.280 2.0000000000
2575  4.780  93.114  11.496 2.0000000000
2577  4.023  91.217  13.288 2.0000000000
5783  10.845  97.809  10.383 2.0000000000
5784  9.346  96.005  11.783 2.0000000000
5785  9.361  94.114  14.447 2.0000000000
5786  9.319  91.967  17.172 2.0000000000
8694  4.976  90.633  14.979 2.0000000000
8941  6.242  90.421  16.405 2.0000000000
8942  7.607  90.029  18.075 2.0000000000
173  17.825  98.703  13.344 2.0000000000
880  17.742  93.887  20.233 2.0000000000
1857  21.023  100.831  9.644 2.0000000000
2800  17.544  91.222  23.437 2.0000000000
4082  19.407  99.830  11.720 2.0000000000
6192  17.799  96.396  16.839 2.0000000000
6193  19.497  97.754  15.161 2.0000000000
7261  16.060  92.372  21.403 2.0000000000
7262  15.674  89.535  24.506 2.0000000000
8949  15.484  86.726  27.437 2.0000000000
8958  16.951  85.414  29.536 2.0000000000
271  -21.882  -2.013  -11.443 2.0000000000
749  -24.564  -8.833  -8.232 2.0000000000
750  -24.441  -6.121  -11.112 2.0000000000
1172  -25.237  0.578  -17.914 2.0000000000
1640  -24.648  -2.891  -14.307 2.0000000000
3093  -25.617  2.528  -19.974 2.0000000000
3693  -24.496  -4.576  -12.638 2.0000000000
3695  -23.330  -0.960  -14.443 2.0000000000
3696  -21.987  -0.598  -12.961 2.0000000000
5957  -25.742  -9.449  -9.369 2.0000000000
5958  -25.629  -7.920  -10.837 2.0000000000
5959  -24.373  -7.480  -9.593 2.0000000000
5960  -23.157  -5.587  -9.782 2.0000000000
5981  -27.541  -13.802  -6.347 2.0000000000
5982  -26.206  -12.018  -6.590 2.0000000000
5983  -25.782  -10.664  -7.907 2.0000000000
6721  -27.388  2.556  -21.728 2.0000000000
7666  -25.778  -6.322  -12.526 2.0000000000
7669  -24.933  -1.084  -16.178 2.0000000000
403  -29.457  -2.241  -0.759 2.0000000000
899  -25.102  3.659  -4.400 2.0000000000
900  -22.247  5.174  -5.957 2.0000000000
912  -28.602  2.854  -2.623 2.0000000000
1901  -30.768  -7.161  1.305 2.0000000000
2831  -29.971  5.454  -2.720 2.0000000000
2832  -28.218  5.809  -3.616 2.0000000000
2833  -26.860  3.396  -3.571 2.0000000000
4177  -30.074  -4.869  0.297 2.0000000000
6229  -23.614  4.323  -5.184 2.0000000000
6250  -29.070  0.331  -1.678 2.0000000000
6251  -27.806  -1.987  -1.782 2.0000000000
6252  -27.254  0.573  -2.685 2.0000000000
6253  -25.648  1.064  -3.589 2.0000000000
8315  -31.554  -9.447  2.363 2.0000000000
219  -0.149  58.805  39.270 2.0000000000
721  2.919  55.881  43.010 2.0000000000
3534  0.225  62.181  37.386 2.0000000000
3602  1.864  60.897  39.333 2.0000000000
5905  1.282  57.411  41.060 2.0000000000
5907  2.459  52.443  44.565 2.0000000000
7540  5.737  65.024  39.304 2.0000000000
7541  3.251  59.182  41.320 2.0000000000
7542  5.168  61.317  41.316 2.0000000000
677  37.259  44.002  -36.112 2.0000000000
3473  33.503  46.118  -42.404 2.0000000000
3474  34.493  44.132  -40.909 2.0000000000
5827  36.436  45.650  -37.808 2.0000000000
5828  35.488  42.452  -39.256 2.0000000000
5829  36.425  40.976  -37.541 2.0000000000
7359  32.319  47.643  -43.920 2.0000000000
7362  34.359  39.237  -40.461 2.0000000000
2714  38.041  46.517  7.190 2.0000000000
2716  38.314  42.364  8.598 2.0000000000
5378  38.661  33.481  11.356 2.0000000000
8439  37.737  41.125  11.494 2.0000000000
9050  37.241  49.765  8.388 2.0000000000
9784  38.509  37.995  10.041 2.0000000000
1221  -29.038  -61.590  -13.454 2.0000000000
1228  -33.499  -51.363  -15.948 2.0000000000
2307  -31.318  -56.414  -14.626 2.0000000000
5123  -30.294  -57.761  -12.108 2.0000000000
5124  -31.434  -55.294  -12.920 2.0000000000
5126  -33.442  -52.254  -17.568 2.0000000000
6817  -32.639  -51.884  -11.707 2.0000000000
6818  -32.577  -52.702  -13.529 2.0000000000
9478  -30.171  -58.983  -13.922 2.0000000000
9480  -32.425  -53.816  -15.162 2.0000000000
9481  -32.395  -54.798  -17.017 2.0000000000
83  -40.854  -27.051  -31.189 2.0000000000
970  -40.887  -27.712  -34.664 2.0000000000
1519  -41.431  -16.313  -34.824 2.0000000000
1520  -41.401  -11.167  -37.714 2.0000000000
2890  -40.907  -27.160  -32.977 2.0000000000
7380  -41.138  -24.356  -33.102 2.0000000000
7381  -41.287  -21.572  -33.202 2.0000000000
7382  -41.409  -19.087  -34.842 2.0000000000
7383  -41.479  -16.275  -36.613 2.0000000000
7384  -41.397  -13.956  -34.593 2.0000000000
7385  -41.442  -13.645  -36.290 2.0000000000
9493  -40.090  -32.327  -28.829 2.0000000000
9494  -40.512  -29.489  -29.293 2.0000000000
75  37.624  10.544  18.289 2.0000000000
425  34.157  6.178  26.350 2.0000000000
4289  35.049  7.450  24.472 2.0000000000
4290  35.588  4.090  22.949 2.0000000000
7861  37.305  6.073  18.897 2.0000000000
8458  36.451  5.077  21.003 2.0000000000
98  -35.962  -26.133  28.038 2.0000000000
277  -38.687  -17.926  23.373 2.0000000000
1651  -37.534  -22.071  25.833 2.0000000000
3712  -38.141  -19.952  24.688 2.0000000000
5971  -39.142  -15.910  21.920 2.0000000000
7693  -36.818  -23.971  26.955 2.0000000000
7695  -37.720  -24.333  25.226 2.0000000000
8714  -35.617  -23.898  28.677 2.0000000000
8715  -36.522  -21.722  27.576 2.0000000000
8716  -37.325  -19.683  26.370 2.0000000000
8717  -38.003  -17.642  25.115 2.0000000000
8721  -39.012  -13.617  22.523 2.0000000000
123  -33.306  -9.365  -17.583 2.0000000000
1171  -33.977  -5.479  -21.325 2.0000000000
3089  -34.803  -9.083  -19.455 2.0000000000
3090  -35.054  -7.132  -21.231 2.0000000000
3091  -33.613  -7.367  -19.472 2.0000000000
3130  -33.092  -11.313  -15.783 2.0000000000
4961  -30.535  1.361  -23.578 2.0000000000
6717  -34.292  -3.653  -23.088 2.0000000000
9279  -32.788  -3.821  -21.429 2.0000000000
9280  -33.114  -1.812  -23.368 2.0000000000
9282  -31.763  -0.136  -23.445 2.0000000000
2128  8.757  74.271  34.523 2.0000000000
4690  8.198  70.796  36.873 2.0000000000
6555  6.278  79.495  28.101 2.0000000000
6556  7.666  78.524  30.057 2.0000000000
8952  9.213  77.357  32.233 2.0000000000
1481  -37.531  7.521  2.173 2.0000000000
3428  -38.011  12.461  1.098 2.0000000000
7295  -38.616  7.612  3.719 2.0000000000
7296  -38.346  10.064  2.386 2.0000000000
7297  -37.218  9.957  0.885 2.0000000000
7298  -35.839  9.988  -0.533 2.0000000000
8307  -37.836  4.956  3.600 2.0000000000
8308  -36.809  2.648  3.277 2.0000000000
2229  -15.835  70.028  -25.490 2.0000000000
4930  -16.635  63.258  -21.321 2.0000000000
4939  -14.035  68.286  -27.865 2.0000000000
6704  -16.796  66.273  -22.403 2.0000000000
9251  -15.924  67.338  -24.244 2.0000000000
9252  -14.860  70.702  -27.392 2.0000000000
9253  -14.941  67.893  -26.115 2.0000000000
3003  12.012  62.413  45.251 2.0000000000
3005  13.985  64.492  45.148 2.0000000000
7545  10.159  60.530  45.181 2.0000000000
7546  11.560  58.692  47.189 2.0000000000
84  -39.126  -29.614  -45.497 2.0000000000
3301  -39.054  -32.551  -43.421 2.0000000000
8534  -39.595  -32.222  -41.574 2.0000000000
8535  -39.748  -29.050  -43.860 2.0000000000
8544  -39.776  -25.904  -45.972 2.0000000000
3854  9.631  45.623  -52.513 2.0000000000
9867  14.540  42.938  -52.004 2.0000000000
9868  12.935  43.803  -52.265 2.0000000000
9869  11.304  44.704  -52.439 2.0000000000
9870  9.807  41.731  -52.885 2.0000000000
3270  -36.800  4.050  -33.294 2.0000000000
4955  -36.324  0.471  -28.959 2.0000000000
4956  -34.988  0.296  -27.120 2.0000000000
9277  -35.481  4.184  -31.414 2.0000000000
9284  -33.874  2.072  -27.460 2.0000000000
9285  -34.056  4.046  -29.513 2.0000000000
382  23.284  105.932  -10.057 2.0000000000
4074  24.762  104.618  -8.482 2.0000000000
6187  21.836  106.404  -7.751 2.0000000000
6213  20.054  107.178  -9.139 2.0000000000
213  -29.365  31.787  17.046 2.0000000000
996  -27.739  36.557  15.111 2.0000000000
4424  -28.520  36.769  12.677 2.0000000000
6398  -28.493  34.254  16.147 2.0000000000
1012  -1.046  74.216  27.072 2.0000000000
2932  0.206  73.034  29.166 2.0000000000
6428  -2.449  75.123  24.966 2.0000000000
422  35.043  40.334  20.745 2.0000000000
6309  35.169  35.892  21.696 2.0000000000
286  -23.434  -68.189  2.257 2.0000000000
3741  -24.157  -67.476  -0.370 2.0000000000
5988  -22.674  -68.971  4.934 2.0000000000
2152  38.352  48.521  -32.640 2.0000000000
4748  38.713  49.929  -30.543 2.0000000000
1470  9.585  102.109  1.177 2.0000000000
3409  8.149  100.191  3.521 2.0000000000
8676  -9.346  76.221  16.000 2.0000000000
8685  -7.632  78.212  16.043 2.0000000000
1883  -22.524  -4.445  -5.145 2.0000000000
4139  -22.657  -2.595  -4.862 2.0000000000
4182  -23.880  -3.153  -3.921 2.0000000000
4183  -23.514  -5.140  -4.187 2.0000000000
8323  -23.349  -6.641  -4.672 2.0000000000
460  -10.644  67.742  22.726 2.0000000000
4464  -10.261  70.571  20.567 2.0000000000
878  23.743  104.235  -2.298 2.0000000000
6190  22.255  104.427  -0.029 2.0000000000
747  -12.889  88.369  -25.769 2.0000000000
5955  -13.271  86.703  -27.275 2.0000000000
9983  -18.725  14.849  -72.431 2.0000000000
9984  -18.705  11.902  -72.184 2.0000000000
3287  -20.988  18.420  -71.545 2.0000000000
7936  -18.973  20.395  -71.899 2.0000000000
3233  38.618  15.868  15.197 2.0000000000
9027  38.588  55.642  -27.516 2.0000000000
9085  33.218  38.825  27.403 2.0000000000
1245  -10.717  -62.394  32.723 2.0000000000
6851  -9.203  -63.262  32.890 2.0000000000
3113  -35.347  -30.422  28.327 2.0000000000
6756  -34.431  -32.404  29.145 2.0000000000
7266  4.433  101.009  -3.503 2.0000000000
8982  13.309  47.102  54.275 2.0000000000
1882  -10.016  93.123  -17.215 2.0000000000
4125  -6.757  86.839  6.096 2.0000000000
8984  14.163  54.827  50.960 2.0000000000
8255  -12.779  83.232  1.328 2.0000000000
374  -10.280  -13.331  57.118 2.0000000000
6158  -11.037  -11.320  56.466 2.0000000000
5541  -22.285  2.999  -69.647 2.0000000000
1878  -9.794  85.288  3.641 2.0000000000
7443  1.278  68.835  33.427 2.0000000000
8687  -4.006  82.186  15.798 2.0000000000
5937  23.412  104.285  -26.715 2.0000000000
1988  -38.906  -9.105  -54.087 2.0000000000
7275  -6.304  83.655  11.145 2.0000000000
8946  10.835  89.066  21.823 2.0000000000
7348  32.080  26.395  32.690 2.0000000000
2618  -3.063  50.138  42.294 2.0000000000
8672  -14.351  66.486  17.958 2.0000000000
6360  -40.695  -12.628  -48.129 2.0000000000
7049  -36.755  11.147  -53.875 2.0000000000
6199  21.764  86.704  29.144 2.0000000000
2107  28.192  -28.865  57.145 2.0000000000
608  -38.449  7.455  -49.991 2.0000000000
9964  -32.925  17.417  -58.720 2.0000000000
7734  -25.959  -65.366  -5.667 2.0000000000
6338  -16.581  30.561  -38.049 2.0000000000
693  -28.804  25.975  23.832 2.0000000000
212  -31.696  22.519  21.352 2.0000000000
1532  -33.537  23.875  16.638 2.0000000000
7418  -29.109  28.961  20.616 2.0000000000
402  -36.120  -2.380  4.531 2.0000000000
5523  -22.031  28.145  -63.526 2.0000000000
2695  -19.767  -70.650  15.251 2.0000000000
6246  -32.972  7.554  -1.780 2.0000000000
2311  -38.936  -37.631  -26.385 2.0000000000
8313  -33.342  -4.813  2.720 2.0000000000
1752  -19.704  30.310  -61.036 2.0000000000
7290  -28.474  23.077  -7.183 2.0000000000
6825  -38.239  -38.813  -20.709 2.0000000000
8746  -37.749  -4.639  24.564 2.0000000000
7747  -37.020  -41.463  -12.803 2.0000000000
4225  -21.755  -63.588  22.502 2.0000000000
4972  -20.099  0.265  -7.618 2.0000000000
4973  -20.448  -1.321  -8.159 2.0000000000
4497  -35.916  -17.240  28.580 2.0000000000
2057  -33.996  -5.146  30.192 2.0000000000
7697  -38.877  -24.816  21.511 2.0000000000
8703  -32.803  -29.968  31.053 2.0000000000
4017  -4.991  -10.626  60.999 2.0000000000
9391  -36.571  -23.653  7.899 2.0000000000
9389  -34.673  -21.300  5.087 2.0000000000
1490  -18.989  -49.074  34.111 2.0000000000
4412  -36.940  25.376  1.293 2.0000000000
6156  -8.964  -9.139  57.983 2.0000000000
7708  -30.083  -16.513  0.179 2.0000000000
6728  -18.854  3.984  -9.094 2.0000000000
