#!ascii label , from subject fsaverage5 vox2ras=TkReg
2076
14  -1.930  45.242  45.438 2.0000000000
22  28.249  100.219  -18.737 2.0000000000
55  -1.239  98.246  -6.820 2.0000000000
56  12.588  105.790  -27.834 2.0000000000
74  32.710  32.634  30.191 2.0000000000
76  30.944  0.618  33.173 2.0000000000
96  1.704  71.966  31.247 2.0000000000
110  23.913  41.333  59.709 2.0000000000
111  30.473  42.363  45.787 2.0000000000
114  33.987  77.298  -3.608 2.0000000000
115  31.849  64.573  23.875 2.0000000000
172  10.600  99.450  7.456 2.0000000000
173  17.825  98.703  13.344 2.0000000000
175  2.545  95.915  4.384 2.0000000000
196  30.078  9.570  38.392 2.0000000000
219  -0.149  58.805  39.270 2.0000000000
244  17.190  36.661  60.864 2.0000000000
247  32.001  89.709  -25.272 2.0000000000
249  31.733  90.274  -11.302 2.0000000000
260  27.417  97.489  -32.336 2.0000000000
265  -14.229  88.203  -16.397 2.0000000000
267  -15.895  83.500  -24.074 2.0000000000
366  -3.694  32.370  50.033 2.0000000000
379  4.078  38.457  52.146 2.0000000000
382  23.284  105.932  -10.057 2.0000000000
383  28.396  98.416  -3.273 2.0000000000
384  23.856  101.608  5.430 2.0000000000
385  23.766  93.143  20.610 2.0000000000
388  1.444  100.908  -28.542 2.0000000000
389  5.281  104.559  -17.699 2.0000000000
390  15.134  107.877  -15.207 2.0000000000
391  -15.000  69.899  13.397 2.0000000000
392  -18.927  70.605  3.840 2.0000000000
393  -13.479  80.569  3.907 2.0000000000
425  34.157  6.178  26.350 2.0000000000
483  30.108  15.856  49.973 2.0000000000
497  18.800  52.153  54.455 2.0000000000
500  30.106  29.320  53.313 2.0000000000
501  30.595  27.907  44.907 2.0000000000
506  35.919  62.234  3.785 2.0000000000
509  34.214  56.881  16.167 2.0000000000
510  32.560  48.555  27.729 2.0000000000
511  31.363  38.763  37.228 2.0000000000
517  9.325  98.899  -38.125 2.0000000000
518  16.535  90.683  -45.303 2.0000000000
579  29.009  -4.522  39.682 2.0000000000
656  6.596  98.236  5.363 2.0000000000
675  30.578  16.902  37.972 2.0000000000
695  -5.926  41.624  44.707 2.0000000000
699  -1.168  51.781  42.625 2.0000000000
721  2.919  55.881  43.010 2.0000000000
722  1.900  48.904  45.999 2.0000000000
727  30.229  95.513  -22.179 2.0000000000
730  27.339  77.200  33.976 2.0000000000
738  25.487  103.684  -21.918 2.0000000000
739  24.797  102.409  -28.772 2.0000000000
740  27.942  99.501  -25.699 2.0000000000
741  30.145  93.805  -29.082 2.0000000000
746  -15.447  86.150  -20.582 2.0000000000
747  -12.889  88.369  -25.769 2.0000000000
878  23.743  104.235  -2.298 2.0000000000
880  17.742  93.887  20.233 2.0000000000
881  21.037  96.522  16.984 2.0000000000
882  20.654  91.345  23.935 2.0000000000
883  23.234  87.687  27.645 2.0000000000
885  -3.059  98.473  -12.488 2.0000000000
887  1.903  101.947  -12.239 2.0000000000
890  16.248  107.175  -7.997 2.0000000000
891  19.636  107.621  -12.664 2.0000000000
894  -11.220  79.804  8.981 2.0000000000
944  33.841  36.391  25.710 2.0000000000
946  33.820  28.320  27.049 2.0000000000
947  31.627  8.658  32.542 2.0000000000
948  33.104  11.611  29.140 2.0000000000
1012  -1.046  74.216  27.072 2.0000000000
1013  -0.079  79.894  22.406 2.0000000000
1081  6.670  82.372  25.618 2.0000000000
1082  5.749  76.444  30.475 2.0000000000
1087  17.248  64.646  46.734 2.0000000000
1091  20.826  39.076  60.908 2.0000000000
1092  18.021  44.328  57.942 2.0000000000
1093  21.505  46.918  57.517 2.0000000000
1097  26.523  42.786  57.422 2.0000000000
1099  29.370  29.059  57.403 2.0000000000
1101  30.282  22.457  51.781 2.0000000000
1109  34.976  70.017  0.173 2.0000000000
1111  29.931  93.185  0.160 2.0000000000
1113  31.322  72.039  21.431 2.0000000000
1115  32.336  68.955  17.239 2.0000000000
1116  33.604  64.767  13.428 2.0000000000
1118  33.356  53.039  22.096 2.0000000000
1121  31.294  46.520  36.759 2.0000000000
1122  30.937  40.963  41.387 2.0000000000
1123  30.931  33.517  41.231 2.0000000000
1124  30.669  34.928  45.513 2.0000000000
1133  7.093  103.795  -28.623 2.0000000000
1135  11.170  102.872  -33.569 2.0000000000
1283  29.101  0.182  42.310 2.0000000000
1467  0.739  97.390  -1.089 2.0000000000
1468  3.489  101.405  -6.327 2.0000000000
1470  9.585  102.109  1.177 2.0000000000
1472  -7.493  84.266  8.706 2.0000000000
1473  -3.648  88.139  8.493 2.0000000000
1474  -1.743  92.877  3.718 2.0000000000
1502  31.714  28.251  34.319 2.0000000000
1504  31.430  20.733  34.759 2.0000000000
1506  30.386  5.579  35.851 2.0000000000
1545  0.772  65.689  35.381 2.0000000000
1585  4.812  69.821  35.215 2.0000000000
1594  26.195  34.969  60.987 2.0000000000
1600  33.305  84.646  -14.402 2.0000000000
1601  32.926  84.017  -7.199 2.0000000000
1606  30.952  67.332  28.164 2.0000000000
1615  2.233  91.403  -41.032 2.0000000000
1622  29.635  91.400  -35.052 2.0000000000
1623  31.948  87.477  -31.480 2.0000000000
1629  -16.043  84.702  -11.064 2.0000000000
1630  -18.947  79.363  -10.290 2.0000000000
1631  -17.478  83.075  -15.455 2.0000000000
1811  -6.765  35.325  46.971 2.0000000000
1812  -2.852  38.579  47.937 2.0000000000
1843  1.015  41.886  48.752 2.0000000000
1844  0.105  35.045  51.168 2.0000000000
1845  3.180  31.599  54.431 2.0000000000
1852  25.952  103.791  -14.454 2.0000000000
1853  28.357  99.908  -11.292 2.0000000000
1854  26.132  102.923  -6.952 2.0000000000
1857  21.023  100.831  9.644 2.0000000000
1858  23.979  97.782  13.210 2.0000000000
1860  25.986  88.520  24.173 2.0000000000
1861  25.475  82.893  31.138 2.0000000000
1866  3.362  103.244  -23.393 2.0000000000
1867  8.793  105.854  -22.906 2.0000000000
1868  6.985  104.742  -11.447 2.0000000000
1869  10.549  106.822  -16.620 2.0000000000
1870  13.905  107.425  -21.619 2.0000000000
1871  18.616  107.674  -19.999 2.0000000000
1872  22.609  106.508  -17.562 2.0000000000
1874  -19.379  65.467  7.842 2.0000000000
1876  -16.426  75.671  4.099 2.0000000000
1878  -9.794  85.288  3.641 2.0000000000
1880  -14.263  85.347  -6.131 2.0000000000
1882  -10.016  93.123  -17.215 2.0000000000
1951  33.569  19.921  28.231 2.0000000000
1952  34.742  14.527  25.423 2.0000000000
2032  -15.737  64.269  17.362 2.0000000000
2038  -2.625  81.436  18.207 2.0000000000
2097  30.060  16.264  46.046 2.0000000000
2098  29.765  11.417  44.107 2.0000000000
2099  29.763  10.142  47.583 2.0000000000
2126  10.443  86.483  24.340 2.0000000000
2128  8.757  74.271  34.523 2.0000000000
2133  23.951  69.769  43.560 2.0000000000
2134  4.940  45.613  49.486 2.0000000000
2138  15.157  48.976  54.455 2.0000000000
2139  16.067  56.692  50.974 2.0000000000
2140  19.671  59.797  50.500 2.0000000000
2143  27.654  57.169  48.390 2.0000000000
2146  28.149  36.057  58.007 2.0000000000
2148  30.289  35.974  49.769 2.0000000000
2149  30.462  28.693  48.997 2.0000000000
2150  30.349  22.145  47.633 2.0000000000
2151  30.345  21.562  44.019 2.0000000000
2161  37.649  55.830  0.961 2.0000000000
2163  30.128  94.916  -7.554 2.0000000000
2164  31.446  89.034  -3.862 2.0000000000
2165  32.492  82.453  -0.007 2.0000000000
2168  33.461  75.198  3.536 2.0000000000
2169  34.353  67.700  6.715 2.0000000000
2170  35.130  59.750  10.012 2.0000000000
2176  31.905  43.915  32.701 2.0000000000
2177  31.891  36.093  33.642 2.0000000000
2178  31.240  31.352  37.541 2.0000000000
2179  30.696  26.335  41.186 2.0000000000
2191  -0.052  97.706  -33.101 2.0000000000
2192  3.823  96.562  -37.767 2.0000000000
2195  13.173  95.470  -42.175 2.0000000000
2220  -21.058  73.777  -9.677 2.0000000000
2373  29.572  7.193  41.666 2.0000000000
2374  29.550  2.616  38.934 2.0000000000
2375  29.756  -2.044  36.437 2.0000000000
2615  -3.885  43.420  45.125 2.0000000000
2616  -5.308  44.920  43.524 2.0000000000
2617  -3.531  46.818  43.703 2.0000000000
2618  -3.063  50.138  42.294 2.0000000000
2619  -1.558  48.465  44.095 2.0000000000
2641  0.408  50.525  44.266 2.0000000000
2642  0.070  47.079  45.764 2.0000000000
2647  29.286  97.985  -20.373 2.0000000000
2658  27.000  102.089  -20.174 2.0000000000
2659  26.769  101.780  -23.716 2.0000000000
2660  28.136  99.992  -22.144 2.0000000000
2661  29.208  97.578  -23.917 2.0000000000
2801  19.271  92.898  21.896 2.0000000000
2805  -2.125  98.489  -9.705 2.0000000000
2806  -0.712  100.207  -12.431 2.0000000000
2807  0.294  100.198  -9.471 2.0000000000
2813  -11.772  77.124  11.354 2.0000000000
2814  -10.038  79.384  11.345 2.0000000000
2864  33.282  34.660  27.906 2.0000000000
2865  33.834  32.442  26.458 2.0000000000
2866  33.220  30.425  28.639 2.0000000000
2867  31.280  4.622  32.905 2.0000000000
2868  31.999  6.105  31.266 2.0000000000
2869  31.671  2.140  31.537 2.0000000000
2871  31.319  -1.990  31.764 2.0000000000
2932  0.206  73.034  29.166 2.0000000000
3011  22.451  40.063  60.532 2.0000000000
3012  21.003  43.001  59.264 2.0000000000
3013  22.633  44.121  58.765 2.0000000000
3014  23.087  48.197  56.796 2.0000000000
3015  24.228  44.999  57.973 2.0000000000
3016  25.611  45.839  56.817 2.0000000000
3017  25.296  41.849  58.844 2.0000000000
3028  35.328  70.546  -3.172 2.0000000000
3029  34.503  73.703  -1.824 2.0000000000
3033  31.608  68.452  22.538 2.0000000000
3034  31.786  70.769  19.314 2.0000000000
3035  32.094  66.768  20.579 2.0000000000
3036  32.644  65.212  18.367 2.0000000000
3041  30.861  44.845  41.255 2.0000000000
3042  30.720  41.859  43.561 2.0000000000
3043  30.794  38.228  43.470 2.0000000000
3044  30.600  38.576  45.778 2.0000000000
3053  9.804  104.901  -28.324 2.0000000000
3054  9.072  103.504  -31.185 2.0000000000
3055  11.865  104.496  -30.763 2.0000000000
3405  1.704  96.786  1.617 2.0000000000
3408  8.536  98.931  6.301 2.0000000000
3409  8.149  100.191  3.521 2.0000000000
3410  10.181  100.882  4.408 2.0000000000
3412  -3.295  84.898  13.295 2.0000000000
3413  -4.426  85.598  11.003 2.0000000000
3416  -0.595  92.165  6.446 2.0000000000
3417  0.337  94.424  3.988 2.0000000000
3418  -0.496  95.228  1.331 2.0000000000
3464  31.324  26.212  36.036 2.0000000000
3465  31.617  24.456  34.411 2.0000000000
3466  31.159  22.521  36.250 2.0000000000
3467  30.348  13.358  38.149 2.0000000000
3468  30.746  15.124  36.627 2.0000000000
3471  30.217  7.676  37.070 2.0000000000
3534  0.225  62.181  37.386 2.0000000000
3601  2.243  64.302  37.371 2.0000000000
3602  1.864  60.897  39.333 2.0000000000
3625  31.851  90.503  -14.825 2.0000000000
3626  32.642  87.727  -16.465 2.0000000000
3627  32.510  87.565  -12.735 2.0000000000
3628  33.097  84.549  -10.717 2.0000000000
3629  32.308  87.420  -9.252 2.0000000000
3636  30.650  71.163  26.926 2.0000000000
3637  30.489  68.516  30.249 2.0000000000
3638  30.779  64.677  31.379 2.0000000000
3656  26.138  100.158  -30.622 2.0000000000
3658  25.965  98.601  -33.706 2.0000000000
3659  25.423  97.018  -36.622 2.0000000000
3662  28.555  94.685  -33.665 2.0000000000
3663  31.138  91.921  -27.052 2.0000000000
3664  31.025  90.875  -30.391 2.0000000000
3665  31.983  88.797  -28.485 2.0000000000
3675  -15.060  86.723  -13.673 2.0000000000
3676  -16.758  84.113  -13.311 2.0000000000
3677  -15.900  85.790  -15.988 2.0000000000
3679  -16.879  83.637  -19.857 2.0000000000
3981  -7.113  32.194  48.012 2.0000000000
3982  -5.267  33.715  48.560 2.0000000000
3983  -4.742  36.960  47.522 2.0000000000
3984  -3.253  35.471  49.033 2.0000000000
4051  -1.215  37.012  49.571 2.0000000000
4052  -1.737  33.694  50.643 2.0000000000
4054  1.314  30.010  53.921 2.0000000000
4073  26.052  103.483  -10.672 2.0000000000
4074  24.762  104.618  -8.482 2.0000000000
4079  25.184  99.748  7.281 2.0000000000
4082  19.407  99.830  11.720 2.0000000000
4083  22.467  95.072  18.681 2.0000000000
4084  22.465  97.294  15.294 2.0000000000
4089  24.913  90.888  22.560 2.0000000000
4091  24.508  85.561  29.217 2.0000000000
4092  24.087  82.363  32.789 2.0000000000
4095  -6.217  96.772  -20.459 2.0000000000
4096  -4.628  97.886  -23.178 2.0000000000
4098  2.521  103.016  -17.794 2.0000000000
4099  1.767  102.570  -20.613 2.0000000000
4101  6.050  104.634  -23.321 2.0000000000
4102  6.997  105.365  -20.364 2.0000000000
4103  5.932  102.777  -5.919 2.0000000000
4104  5.156  103.179  -8.888 2.0000000000
4105  7.515  104.337  -8.349 2.0000000000
4106  13.415  107.369  -12.586 2.0000000000
4107  11.056  106.750  -13.203 2.0000000000
4108  12.842  107.478  -16.048 2.0000000000
4109  12.287  107.315  -19.210 2.0000000000
4110  14.788  107.818  -18.524 2.0000000000
4111  16.389  107.694  -21.169 2.0000000000
4112  16.972  107.983  -17.535 2.0000000000
4113  21.546  106.970  -11.546 2.0000000000
4115  22.970  106.368  -13.906 2.0000000000
4116  24.400  105.328  -15.961 2.0000000000
4122  -15.017  78.169  4.022 2.0000000000
4123  -16.054  78.252  1.574 2.0000000000
4125  -6.757  86.839  6.096 2.0000000000
4126  -8.728  84.716  6.235 2.0000000000
4128  -9.293  90.098  -4.086 2.0000000000
4130  -11.291  87.948  -4.019 2.0000000000
4132  -12.377  87.810  -6.449 2.0000000000
4135  -6.743  95.922  -15.074 2.0000000000
4136  -9.081  93.736  -14.842 2.0000000000
4137  -7.643  95.438  -17.783 2.0000000000
4283  33.050  22.510  29.584 2.0000000000
4284  32.853  18.358  30.086 2.0000000000
4285  33.614  9.113  27.795 2.0000000000
4286  33.903  13.304  27.351 2.0000000000
4288  35.361  11.838  23.962 2.0000000000
4289  35.049  7.450  24.472 2.0000000000
4290  35.588  4.090  22.949 2.0000000000
4458  -16.928  61.978  16.986 2.0000000000
4472  -5.091  76.835  20.579 2.0000000000
4473  -4.610  79.567  18.138 2.0000000000
4474  -3.359  78.698  20.451 2.0000000000
4475  1.883  81.841  22.155 2.0000000000
4476  0.507  82.592  20.090 2.0000000000
4614  30.079  16.078  47.839 2.0000000000
4615  29.921  13.488  46.825 2.0000000000
4616  29.947  13.002  48.780 2.0000000000
4684  8.491  84.411  24.992 2.0000000000
4688  6.208  68.659  37.070 2.0000000000
4689  6.768  72.109  34.841 2.0000000000
4690  8.198  70.796  36.873 2.0000000000
4703  2.627  40.170  50.501 2.0000000000
4704  2.942  43.633  49.139 2.0000000000
4705  4.385  41.945  50.808 2.0000000000
4713  15.767  38.850  59.319 2.0000000000
4714  18.368  48.215  56.261 2.0000000000
4715  16.606  46.909  56.161 2.0000000000
4716  17.120  50.693  54.572 2.0000000000
4717  15.714  53.002  52.756 2.0000000000
4718  17.443  54.737  52.639 2.0000000000
4719  17.882  58.589  50.686 2.0000000000
4720  19.153  55.990  52.534 2.0000000000
4724  24.589  63.218  47.760 2.0000000000
4725  25.610  60.109  49.040 2.0000000000
4726  26.851  60.610  47.427 2.0000000000
4727  26.537  57.032  50.027 2.0000000000
4729  27.998  50.178  51.740 2.0000000000
4733  27.163  31.691  61.195 2.0000000000
4734  27.268  35.475  59.641 2.0000000000
4735  28.055  32.211  59.670 2.0000000000
4736  29.805  29.066  55.408 2.0000000000
4737  29.401  32.781  55.955 2.0000000000
4738  29.867  32.491  53.915 2.0000000000
4739  29.973  35.856  52.065 2.0000000000
4740  30.202  32.622  51.580 2.0000000000
4741  30.419  32.389  49.408 2.0000000000
4742  30.322  29.001  51.177 2.0000000000
4743  30.227  18.982  50.936 2.0000000000
4744  30.327  22.133  49.712 2.0000000000
4745  30.224  18.974  48.838 2.0000000000
4746  30.207  18.894  46.851 2.0000000000
4767  36.778  59.223  2.263 2.0000000000
4769  36.398  58.275  5.240 2.0000000000
4770  28.384  99.290  -7.195 2.0000000000
4771  29.343  97.468  -9.449 2.0000000000
4772  29.311  96.755  -5.465 2.0000000000
4773  30.534  90.174  2.110 2.0000000000
4774  30.731  91.038  -1.727 2.0000000000
4775  31.294  88.030  -0.094 2.0000000000
4776  31.981  85.880  -1.953 2.0000000000
4786  33.907  71.449  5.264 2.0000000000
4787  33.602  70.150  8.529 2.0000000000
4788  33.917  60.922  14.810 2.0000000000
4789  34.314  62.520  11.654 2.0000000000
4790  34.690  58.311  13.111 2.0000000000
4792  34.993  54.350  14.454 2.0000000000
4794  34.514  52.482  17.469 2.0000000000
4796  33.510  48.906  23.218 2.0000000000
4797  33.063  46.980  25.861 2.0000000000
4799  32.666  44.496  28.419 2.0000000000
4803  31.346  42.675  37.094 2.0000000000
4804  31.575  45.574  34.688 2.0000000000
4805  31.599  41.481  35.171 2.0000000000
4806  31.901  39.946  33.306 2.0000000000
4807  31.611  37.474  35.328 2.0000000000
4808  31.548  33.671  35.651 2.0000000000
4809  31.323  35.101  37.414 2.0000000000
4810  30.751  30.796  43.124 2.0000000000
4811  30.827  29.780  41.291 2.0000000000
4812  30.636  27.185  43.010 2.0000000000
4813  30.498  23.869  42.701 2.0000000000
4814  30.478  24.506  44.508 2.0000000000
4838  -1.111  99.300  -28.346 2.0000000000
4840  0.727  99.462  -30.916 2.0000000000
4841  7.299  99.955  -35.906 2.0000000000
4843  6.529  97.620  -38.220 2.0000000000
4844  5.666  95.322  -39.949 2.0000000000
4851  14.977  93.271  -43.838 2.0000000000
4905  -19.212  68.000  5.817 2.0000000000
4913  -19.504  78.536  -12.486 2.0000000000
4914  -20.097  76.640  -10.106 2.0000000000
4915  -20.504  75.730  -11.887 2.0000000000
5287  29.600  8.440  44.650 2.0000000000
5288  29.662  9.382  42.937 2.0000000000
5289  29.453  6.086  43.377 2.0000000000
5290  28.996  -2.508  41.109 2.0000000000
5291  29.265  1.285  40.662 2.0000000000
5292  29.269  -1.020  39.298 2.0000000000
5293  29.628  0.388  37.670 2.0000000000
5294  29.344  -3.273  37.973 2.0000000000
5783  10.845  97.809  10.383 2.0000000000
5785  9.361  94.114  14.447 2.0000000000
5786  9.319  91.967  17.172 2.0000000000
5788  4.662  97.222  4.814 2.0000000000
5826  30.029  11.729  39.652 2.0000000000
5905  1.282  57.411  41.060 2.0000000000
5906  0.853  53.884  42.776 2.0000000000
5907  2.459  52.443  44.565 2.0000000000
5917  31.160  92.698  -23.637 2.0000000000
5922  27.527  79.999  30.871 2.0000000000
5936  23.751  104.949  -23.394 2.0000000000
5937  23.412  104.285  -26.715 2.0000000000
5939  26.439  101.197  -27.256 2.0000000000
5940  27.733  98.620  -29.132 2.0000000000
5941  28.906  95.803  -30.661 2.0000000000
5942  29.121  96.781  -27.375 2.0000000000
5943  30.207  94.818  -25.759 2.0000000000
5950  -14.811  87.427  -18.723 2.0000000000
5952  -14.156  87.476  -23.240 2.0000000000
5954  -14.704  84.298  -26.449 2.0000000000
5955  -13.271  86.703  -27.275 2.0000000000
6175  -2.129  30.454  51.705 2.0000000000
6187  21.836  106.404  -7.751 2.0000000000
6190  22.255  104.427  -0.029 2.0000000000
6191  22.375  102.983  3.980 2.0000000000
6192  17.799  96.396  16.839 2.0000000000
6193  19.497  97.754  15.161 2.0000000000
6194  19.420  95.389  18.628 2.0000000000
6195  20.946  94.089  20.435 2.0000000000
6196  22.305  92.597  22.116 2.0000000000
6197  23.444  90.510  24.232 2.0000000000
6198  21.972  89.773  25.673 2.0000000000
6199  21.764  86.704  29.144 2.0000000000
6201  -4.247  98.041  -15.295 2.0000000000
6203  -1.725  99.971  -15.334 2.0000000000
6204  0.942  101.775  -14.979 2.0000000000
6205  3.573  103.405  -14.929 2.0000000000
6210  15.751  107.678  -11.664 2.0000000000
6211  17.473  107.943  -14.013 2.0000000000
6212  17.939  107.599  -10.291 2.0000000000
6213  20.054  107.178  -9.139 2.0000000000
6214  -13.664  72.094  13.661 2.0000000000
6215  -14.742  72.673  11.039 2.0000000000
6216  -13.311  74.947  11.223 2.0000000000
6217  -12.780  77.798  8.843 2.0000000000
6218  -12.307  80.431  6.301 2.0000000000
6219  -4.945  91.700  0.922 2.0000000000
6221  -5.968  92.065  -1.545 2.0000000000
6222  -7.100  92.315  -4.289 2.0000000000
6313  31.934  12.559  32.170 2.0000000000
6314  32.599  13.892  30.530 2.0000000000
6315  32.338  9.880  30.849 2.0000000000
6316  32.793  7.487  29.528 2.0000000000
6428  -2.449  75.123  24.966 2.0000000000
6430  -0.603  77.086  24.750 2.0000000000
6431  1.306  78.988  24.552 2.0000000000
6555  6.278  79.495  28.101 2.0000000000
6556  7.666  78.524  30.057 2.0000000000
6565  19.053  66.172  46.344 2.0000000000
6566  5.495  36.469  53.893 2.0000000000
6567  5.850  40.023  52.596 2.0000000000
6571  19.033  37.863  61.032 2.0000000000
6572  17.501  40.413  59.455 2.0000000000
6573  19.336  41.527  59.598 2.0000000000
6574  19.721  45.698  57.836 2.0000000000
6575  20.122  49.630  56.044 2.0000000000
6576  20.504  53.651  54.063 2.0000000000
6577  21.768  50.979  55.538 2.0000000000
6585  28.757  28.925  59.341 2.0000000000
6587  29.733  25.576  56.892 2.0000000000
6588  30.053  25.493  54.739 2.0000000000
6589  30.243  25.741  52.624 2.0000000000
6604  35.799  66.962  -1.216 2.0000000000
6605  35.494  65.947  2.056 2.0000000000
6607  29.197  96.000  -1.616 2.0000000000
6615  32.633  70.848  13.696 2.0000000000
6617  32.958  66.808  15.300 2.0000000000
6618  33.242  62.945  16.741 2.0000000000
6619  33.531  59.019  17.953 2.0000000000
6620  33.804  54.911  19.138 2.0000000000
6627  31.097  43.647  39.249 2.0000000000
6628  31.141  39.904  39.294 2.0000000000
6629  31.128  36.512  39.386 2.0000000000
6630  30.955  37.241  41.410 2.0000000000
6631  30.808  34.564  43.274 2.0000000000
6632  30.667  31.344  45.154 2.0000000000
6647  4.209  102.414  -28.699 2.0000000000
6649  6.264  102.329  -31.298 2.0000000000
6650  8.226  101.879  -33.646 2.0000000000
6651  10.217  101.115  -35.807 2.0000000000
6665  32.682  81.993  -35.190 2.0000000000
7261  16.060  92.372  21.403 2.0000000000
7263  -0.225  97.895  -3.887 2.0000000000
7264  1.199  99.909  -6.478 2.0000000000
7265  2.016  99.449  -3.687 2.0000000000
7266  4.433  101.009  -3.503 2.0000000000
7274  -8.217  81.647  11.142 2.0000000000
7275  -6.304  83.655  11.145 2.0000000000
7276  -5.670  86.013  8.814 2.0000000000
7278  -1.537  89.840  8.743 2.0000000000
7279  -2.657  90.572  6.187 2.0000000000
7280  -3.810  91.255  3.461 2.0000000000
7281  -2.805  93.473  1.078 2.0000000000
7346  32.194  30.586  32.296 2.0000000000
7347  32.624  28.534  30.733 2.0000000000
7348  32.080  26.395  32.690 2.0000000000
7350  31.777  18.513  33.245 2.0000000000
7351  30.970  18.818  36.430 2.0000000000
7352  31.206  16.862  35.054 2.0000000000
7353  31.561  14.821  33.530 2.0000000000
7354  31.299  11.021  33.823 2.0000000000
7355  30.970  7.145  34.205 2.0000000000
7356  30.627  3.040  34.517 2.0000000000
7443  1.278  68.835  33.427 2.0000000000
7537  3.234  70.822  33.310 2.0000000000
7538  2.890  67.769  35.385 2.0000000000
7539  4.350  66.284  37.471 2.0000000000
7540  5.737  65.024  39.304 2.0000000000
7541  3.251  59.182  41.320 2.0000000000
7542  5.168  61.317  41.316 2.0000000000
7557  23.700  37.348  61.408 2.0000000000
7558  25.064  38.024  60.578 2.0000000000
7559  24.906  34.170  62.150 2.0000000000
7560  26.033  30.903  62.600 2.0000000000
7577  33.500  80.586  -5.412 2.0000000000
7587  31.136  69.808  24.773 2.0000000000
7588  31.409  66.190  25.782 2.0000000000
7589  31.632  62.178  27.046 2.0000000000
7590  31.216  63.801  28.946 2.0000000000
7609  4.238  89.871  -42.946 2.0000000000
7610  15.130  106.284  -27.345 2.0000000000
7611  14.568  105.085  -30.388 2.0000000000
7612  17.048  105.385  -29.752 2.0000000000
7619  24.882  95.201  -39.116 2.0000000000
7625  29.885  92.845  -32.169 2.0000000000
7626  30.889  89.540  -33.300 2.0000000000
7627  31.838  85.817  -34.388 2.0000000000
7641  -16.827  82.567  -8.349 2.0000000000
7642  -18.161  80.177  -8.173 2.0000000000
7643  -17.615  82.080  -10.785 2.0000000000
7644  -18.232  81.390  -12.863 2.0000000000
7645  -18.726  80.465  -14.731 2.0000000000
7646  -16.466  84.827  -17.975 2.0000000000
7647  -17.829  82.199  -17.432 2.0000000000
8069  -4.415  40.262  46.261 2.0000000000
8070  -2.383  41.811  46.764 2.0000000000
8155  -0.471  43.679  47.040 2.0000000000
8156  -0.860  40.252  48.366 2.0000000000
8157  0.691  38.509  50.052 2.0000000000
8158  2.140  36.723  51.685 2.0000000000
8159  -0.170  31.829  52.310 2.0000000000
8160  1.705  33.447  52.778 2.0000000000
8161  3.657  34.921  53.372 2.0000000000
8182  27.178  102.112  -16.660 2.0000000000
8183  28.281  100.267  -15.050 2.0000000000
8184  27.166  102.116  -13.038 2.0000000000
8185  27.360  101.473  -9.128 2.0000000000
8186  27.320  100.878  -5.133 2.0000000000
8187  24.966  103.759  -4.541 2.0000000000
8188  26.306  101.902  -2.939 2.0000000000
8195  22.569  101.336  7.676 2.0000000000
8196  21.091  98.703  13.500 2.0000000000
8197  22.509  99.484  11.447 2.0000000000
8198  23.950  99.807  9.344 2.0000000000
8204  26.917  85.727  25.917 2.0000000000
8205  24.673  88.322  25.969 2.0000000000
8206  25.821  85.851  27.564 2.0000000000
8207  26.707  82.991  29.361 2.0000000000
8208  26.498  80.119  32.622 2.0000000000
8209  26.163  77.073  35.903 2.0000000000
8210  25.785  73.899  39.032 2.0000000000
8214  -2.837  98.796  -25.806 2.0000000000
8218  2.438  102.216  -26.093 2.0000000000
8219  5.321  103.715  -26.217 2.0000000000
8220  7.890  104.960  -25.758 2.0000000000
8221  10.675  106.016  -25.393 2.0000000000
8222  2.674  101.760  -9.296 2.0000000000
8223  4.536  103.496  -11.905 2.0000000000
8224  6.079  104.742  -14.576 2.0000000000
8225  9.398  105.727  -10.644 2.0000000000
8226  8.689  105.920  -14.050 2.0000000000
8227  7.895  105.800  -17.292 2.0000000000
8228  9.812  106.533  -19.799 2.0000000000
8229  11.427  106.798  -22.333 2.0000000000
8230  13.228  106.753  -24.802 2.0000000000
8231  15.770  107.162  -24.187 2.0000000000
8235  20.690  107.262  -18.963 2.0000000000
8236  22.379  106.258  -21.092 2.0000000000
8237  24.173  105.236  -19.724 2.0000000000
8238  25.799  103.819  -18.280 2.0000000000
8239  -18.745  62.689  12.010 2.0000000000
8246  -17.711  73.206  4.005 2.0000000000
8247  -17.461  75.620  1.661 2.0000000000
8250  -9.451  82.142  8.705 2.0000000000
8251  -10.583  82.582  6.307 2.0000000000
8252  -11.650  83.070  3.746 2.0000000000
8255  -12.779  83.232  1.328 2.0000000000
8258  -15.907  82.934  -5.893 2.0000000000
8261  -13.271  89.146  -14.324 2.0000000000
8263  -11.222  91.511  -14.537 2.0000000000
8264  -12.174  90.765  -16.808 2.0000000000
8449  33.129  26.385  29.226 2.0000000000
8451  34.293  21.369  26.346 2.0000000000
8452  33.325  15.786  28.803 2.0000000000
8668  -17.864  62.252  14.557 2.0000000000
8670  -15.277  67.102  15.586 2.0000000000
8672  -14.351  66.486  17.958 2.0000000000
8687  -4.006  82.186  15.798 2.0000000000
8688  -2.141  83.986  15.748 2.0000000000
8689  -1.486  80.645  20.265 2.0000000000
8690  -0.825  83.368  17.889 2.0000000000
8859  30.051  16.428  44.453 2.0000000000
8861  29.907  13.832  45.083 2.0000000000
8862  29.750  10.797  45.802 2.0000000000
8943  9.228  89.605  19.930 2.0000000000
8945  8.901  87.142  22.435 2.0000000000
8946  10.835  89.066  21.823 2.0000000000
8950  5.143  73.122  32.848 2.0000000000
8951  7.128  75.269  32.517 2.0000000000
8952  9.213  77.357  32.233 2.0000000000
8966  24.385  73.278  40.646 2.0000000000
8968  1.420  45.105  47.521 2.0000000000
8969  3.378  47.142  47.775 2.0000000000
8971  6.266  43.499  51.316 2.0000000000
8980  16.259  42.946  57.802 2.0000000000
8981  14.830  45.071  56.101 2.0000000000
8982  13.309  47.102  54.275 2.0000000000
8984  14.163  54.827  50.960 2.0000000000
8986  16.610  60.702  48.922 2.0000000000
8987  18.521  62.240  48.732 2.0000000000
8989  20.934  57.301  52.117 2.0000000000
8992  23.468  65.929  46.475 2.0000000000
8998  27.346  53.720  50.894 2.0000000000
8999  28.315  53.625  49.205 2.0000000000
9003  30.162  42.618  48.075 2.0000000000
9004  26.376  38.903  59.250 2.0000000000
9005  27.431  39.356  57.826 2.0000000000
9007  28.820  32.499  57.888 2.0000000000
9011  30.048  39.386  50.196 2.0000000000
9012  30.374  39.043  47.926 2.0000000000
9013  30.507  35.397  47.692 2.0000000000
9014  30.566  31.938  47.276 2.0000000000
9015  30.546  28.602  46.985 2.0000000000
9016  30.368  25.452  50.420 2.0000000000
9017  30.437  25.404  48.398 2.0000000000
9018  30.476  25.324  46.393 2.0000000000
9019  30.345  21.850  45.787 2.0000000000
9020  30.197  18.911  45.071 2.0000000000
9021  30.188  18.666  43.538 2.0000000000
9046  38.048  56.225  -2.176 2.0000000000
9052  30.167  95.554  -11.535 2.0000000000
9053  30.913  92.818  -9.535 2.0000000000
9054  30.075  93.988  -3.537 2.0000000000
9055  30.801  92.121  -5.528 2.0000000000
9056  31.528  90.057  -7.655 2.0000000000
9057  32.122  86.903  -5.647 2.0000000000
9058  32.704  83.408  -3.647 2.0000000000
9059  33.198  80.082  -1.807 2.0000000000
9067  32.997  78.864  1.746 2.0000000000
9068  33.721  76.446  -0.114 2.0000000000
9069  34.172  72.804  1.848 2.0000000000
9070  34.646  69.062  3.507 2.0000000000
9071  35.080  65.143  5.319 2.0000000000
9072  33.961  66.508  10.029 2.0000000000
9073  34.719  63.828  8.499 2.0000000000
9074  35.537  61.231  6.772 2.0000000000
9075  35.982  56.979  8.359 2.0000000000
9081  34.004  50.756  20.384 2.0000000000
9082  34.171  46.774  21.425 2.0000000000
9085  33.218  38.825  27.403 2.0000000000
9086  32.722  36.618  29.716 2.0000000000
9091  31.828  47.800  32.288 2.0000000000
9092  32.221  46.445  30.211 2.0000000000
9093  32.263  42.397  30.901 2.0000000000
9094  32.268  38.344  31.509 2.0000000000
9097  31.456  29.995  35.853 2.0000000000
9098  31.103  27.739  37.741 2.0000000000
9099  31.061  32.583  39.421 2.0000000000
9100  30.945  28.876  39.460 2.0000000000
9101  30.813  25.505  39.375 2.0000000000
9103  30.349  20.804  42.321 2.0000000000
9140  4.923  92.820  -41.499 2.0000000000
9142  13.800  103.602  -33.166 2.0000000000
9143  12.985  101.750  -35.839 2.0000000000
9147  11.348  97.265  -40.365 2.0000000000
9222  -19.490  77.321  -7.841 2.0000000000
9223  -20.556  74.631  -7.638 2.0000000000
9676  29.797  10.345  41.206 2.0000000000
9677  29.775  8.228  39.966 2.0000000000
9678  29.340  3.806  42.011 2.0000000000
9679  29.526  4.903  40.323 2.0000000000
9680  29.809  6.149  38.714 2.0000000000
9681  29.919  3.964  37.360 2.0000000000
9682  30.072  1.530  36.078 2.0000000000
9683  30.287  -0.820  34.836 2.0000000000
15  -20.135  -14.550  45.743 2.0000000000
97  -23.703  -26.827  37.006 2.0000000000
99  -32.352  -9.350  32.580 2.0000000000
104  -12.283  -32.458  44.987 2.0000000000
230  -13.965  -18.084  52.286 2.0000000000
231  -10.345  -26.697  52.281 2.0000000000
277  -38.687  -17.926  23.373 2.0000000000
281  -31.324  -18.533  0.789 2.0000000000
466  -34.568  -17.172  30.226 2.0000000000
467  -37.650  -8.906  25.392 2.0000000000
541  -36.693  -35.223  24.838 2.0000000000
545  -35.925  -26.097  3.683 2.0000000000
710  -17.121  -16.256  49.023 2.0000000000
711  -15.209  -20.563  49.457 2.0000000000
712  -18.238  -19.014  46.208 2.0000000000
713  -19.123  -21.826  43.384 2.0000000000
1015  -24.789  -30.365  35.646 2.0000000000
1016  -28.037  -30.011  34.150 2.0000000000
1017  -26.960  -26.026  35.306 2.0000000000
1019  -31.573  -17.355  33.193 2.0000000000
1020  -33.612  -13.210  31.295 2.0000000000
1021  -36.243  -12.853  28.019 2.0000000000
1022  -35.253  -8.810  29.039 2.0000000000
1048  -11.343  -29.595  48.655 2.0000000000
1049  -8.528  -31.285  51.721 2.0000000000
1055  -20.678  -27.865  38.639 2.0000000000
1057  -21.455  -31.403  37.002 2.0000000000
1192  -34.112  -30.241  29.792 2.0000000000
1196  -38.794  -31.711  18.778 2.0000000000
1197  -38.859  -31.604  14.351 2.0000000000
1199  -38.362  -31.119  9.847 2.0000000000
1204  -33.794  -22.282  2.293 2.0000000000
1547  -26.140  -22.290  36.632 2.0000000000
1548  -25.250  -18.900  38.315 2.0000000000
1564  -10.470  -19.864  55.664 2.0000000000
1565  -8.734  -24.057  55.865 2.0000000000
1566  -12.108  -22.345  52.593 2.0000000000
1567  -13.302  -24.991  49.228 2.0000000000
1568  -14.243  -27.811  45.684 2.0000000000
1569  -14.866  -30.900  42.597 2.0000000000
1570  -16.989  -26.190  43.177 2.0000000000
1651  -37.534  -22.071  25.833 2.0000000000
1652  -37.864  -26.530  24.575 2.0000000000
1831  -12.208  -15.780  54.978 2.0000000000
2043  -29.222  -33.952  33.105 2.0000000000
2044  -31.221  -29.854  32.279 2.0000000000
2045  -33.342  -25.723  30.963 2.0000000000
2046  -29.382  -21.724  34.455 2.0000000000
2047  -32.526  -21.385  32.033 2.0000000000
2048  -35.330  -21.522  29.180 2.0000000000
2049  -37.020  -17.394  26.952 2.0000000000
2050  -38.327  -13.280  24.376 2.0000000000
2057  -33.996  -5.146  30.192 2.0000000000
2265  -36.414  -39.539  22.798 2.0000000000
2266  -38.058  -31.188  22.824 2.0000000000
2267  -37.967  -35.535  20.753 2.0000000000
2277  -37.296  -27.150  7.830 2.0000000000
2278  -37.573  -30.139  5.423 2.0000000000
2631  -17.767  -17.590  47.587 2.0000000000
2632  -19.289  -16.730  45.972 2.0000000000
2633  -19.717  -18.143  44.723 2.0000000000
2935  -24.175  -28.546  36.314 2.0000000000
2936  -25.843  -28.275  35.510 2.0000000000
2937  -25.237  -26.457  36.205 2.0000000000
2938  -31.563  -11.459  33.484 2.0000000000
2940  -33.004  -11.111  31.921 2.0000000000
2941  -34.421  -10.974  30.276 2.0000000000
2942  -33.878  -9.049  30.791 2.0000000000
2966  -4.219  -24.296  60.474 2.0000000000
2967  -6.027  -23.512  58.991 2.0000000000
2968  -11.885  -31.028  46.681 2.0000000000
2969  -10.529  -31.703  48.269 2.0000000000
2975  -22.218  -27.260  37.799 2.0000000000
2976  -21.124  -29.539  37.735 2.0000000000
2977  -22.638  -29.071  37.003 2.0000000000
3116  -38.949  -29.659  15.462 2.0000000000
3117  -38.737  -29.555  13.292 2.0000000000
3118  -38.673  -31.494  12.128 2.0000000000
3119  -38.382  -29.495  11.020 2.0000000000
3536  -24.061  -21.192  38.580 2.0000000000
3539  -25.817  -15.100  38.869 2.0000000000
3540  -26.840  -12.969  38.252 2.0000000000
3541  -28.497  -12.348  36.607 2.0000000000
3565  -12.247  -18.971  53.990 2.0000000000
3566  -11.297  -21.074  54.234 2.0000000000
3567  -12.924  -20.294  52.610 2.0000000000
3568  -15.751  -22.055  47.763 2.0000000000
3569  -14.285  -22.831  49.322 2.0000000000
3712  -38.141  -19.952  24.688 2.0000000000
4023  -10.492  -16.529  56.557 2.0000000000
4480  -26.757  -36.038  34.016 2.0000000000
4481  -28.333  -35.853  33.350 2.0000000000
4482  -27.614  -34.060  33.892 2.0000000000
4484  -29.664  -29.920  33.270 2.0000000000
4486  -32.230  -27.857  31.718 2.0000000000
4488  -27.312  -20.205  36.260 2.0000000000
4489  -27.784  -21.947  35.549 2.0000000000
4490  -28.963  -19.762  35.073 2.0000000000
4491  -33.113  -17.070  31.760 2.0000000000
4492  -32.023  -19.268  32.643 2.0000000000
4493  -33.523  -19.216  31.252 2.0000000000
4494  -33.967  -21.261  30.694 2.0000000000
4495  -35.011  -19.320  29.659 2.0000000000
4496  -36.232  -19.530  28.097 2.0000000000
4497  -35.916  -17.240  28.580 2.0000000000
4498  -37.063  -10.979  26.627 2.0000000000
4499  -37.385  -13.215  26.241 2.0000000000
4500  -38.022  -11.088  24.899 2.0000000000
4519  -35.367  -4.944  28.355 2.0000000000
4578  -9.571  -25.429  54.118 2.0000000000
4579  -7.899  -26.231  55.770 2.0000000000
4580  -8.703  -27.650  53.926 2.0000000000
4611  -23.610  -36.724  35.060 2.0000000000
4612  -25.165  -36.305  34.582 2.0000000000
5020  -35.779  -34.920  26.711 2.0000000000
5021  -34.841  -36.803  27.578 2.0000000000
5022  -35.861  -37.064  25.747 2.0000000000
5024  -36.652  -37.401  23.789 2.0000000000
5025  -38.481  -27.038  22.649 2.0000000000
5026  -37.945  -29.035  23.840 2.0000000000
5027  -38.527  -29.261  21.769 2.0000000000
5028  -38.705  -33.769  17.504 2.0000000000
5029  -38.465  -33.508  19.820 2.0000000000
5048  -31.259  -17.147  1.614 2.0000000000
5051  -34.976  -24.268  3.065 2.0000000000
5055  -36.602  -26.665  5.706 2.0000000000
5056  -37.390  -28.695  6.620 2.0000000000
5057  -36.843  -28.060  4.630 2.0000000000
5866  -21.667  -18.791  42.006 2.0000000000
5867  -23.247  -18.086  40.571 2.0000000000
5884  -15.563  -17.178  50.656 2.0000000000
5885  -14.595  -19.295  50.958 2.0000000000
5886  -16.230  -18.453  49.218 2.0000000000
5887  -16.738  -19.859  47.767 2.0000000000
5888  -17.201  -21.287  46.246 2.0000000000
5889  -17.719  -22.635  44.656 2.0000000000
5890  -18.709  -20.398  44.778 2.0000000000
5891  -20.264  -19.511  43.310 2.0000000000
5971  -39.142  -15.910  21.920 2.0000000000
6434  -27.066  -32.145  34.364 2.0000000000
6435  -26.420  -30.169  34.922 2.0000000000
6436  -27.562  -27.866  34.679 2.0000000000
6437  -28.628  -25.844  34.355 2.0000000000
6441  -32.567  -15.220  32.368 2.0000000000
6442  -34.169  -15.088  30.692 2.0000000000
6443  -35.506  -15.016  29.102 2.0000000000
6444  -34.969  -12.910  29.711 2.0000000000
6445  -35.769  -10.886  28.543 2.0000000000
6446  -36.580  -8.930  27.175 2.0000000000
6492  -10.822  -28.204  50.520 2.0000000000
6493  -9.373  -28.868  52.180 2.0000000000
6494  -9.906  -30.409  50.252 2.0000000000
6505  -19.176  -28.632  39.475 2.0000000000
6507  -19.545  -30.296  38.490 2.0000000000
6508  -20.016  -31.944  37.623 2.0000000000
6509  -20.626  -33.796  36.795 2.0000000000
6510  -21.305  -35.443  36.133 2.0000000000
6756  -34.431  -32.404  29.145 2.0000000000
6757  -35.616  -32.624  27.559 2.0000000000
6758  -36.578  -33.064  25.841 2.0000000000
6760  -38.872  -29.433  19.660 2.0000000000
6762  -38.908  -31.772  16.578 2.0000000000
6763  -38.801  -33.591  15.325 2.0000000000
6773  -31.564  -19.630  -0.151 2.0000000000
6774  -32.531  -20.305  1.537 2.0000000000
6775  -32.907  -21.536  0.608 2.0000000000
6776  -34.221  -23.561  1.296 2.0000000000
6777  -35.315  -25.456  1.794 2.0000000000
6778  -36.308  -27.403  2.468 2.0000000000
7444  -23.374  -25.063  37.753 2.0000000000
7445  -24.853  -24.534  36.916 2.0000000000
7446  -24.443  -22.806  37.721 2.0000000000
7447  -25.639  -20.633  37.460 2.0000000000
7448  -26.843  -18.408  37.059 2.0000000000
7449  -24.793  -17.236  39.286 2.0000000000
7453  -30.035  -11.920  35.058 2.0000000000
7454  -30.881  -9.732  34.212 2.0000000000
7486  -8.795  -20.542  57.201 2.0000000000
7487  -7.875  -22.613  57.430 2.0000000000
7488  -9.588  -22.024  55.800 2.0000000000
7489  -10.500  -23.123  54.213 2.0000000000
7490  -11.226  -24.460  52.516 2.0000000000
7491  -13.631  -21.482  51.064 2.0000000000
7492  -12.711  -23.704  50.960 2.0000000000
7493  -11.795  -25.956  50.728 2.0000000000
7494  -12.301  -27.239  49.029 2.0000000000
7495  -12.798  -28.624  47.190 2.0000000000
7496  -13.182  -30.182  45.393 2.0000000000
7497  -13.609  -31.654  43.703 2.0000000000
7498  -14.533  -29.322  44.137 2.0000000000
7499  -15.997  -28.529  42.801 2.0000000000
7500  -17.373  -27.672  41.748 2.0000000000
7501  -18.037  -24.068  43.298 2.0000000000
7505  -21.772  -25.659  38.704 2.0000000000
7695  -37.720  -24.333  25.226 2.0000000000
7697  -38.877  -24.816  21.511 2.0000000000
7700  -39.117  -25.108  19.481 2.0000000000
7708  -30.083  -16.513  0.179 2.0000000000
7711  -30.235  -17.725  -0.761 2.0000000000
8119  -9.562  -18.560  57.009 2.0000000000
8120  -11.359  -17.828  55.359 2.0000000000
8121  -13.088  -16.858  53.743 2.0000000000
8124  -14.679  -15.975  52.166 2.0000000000
8700  -28.634  -32.001  33.624 2.0000000000
8701  -30.194  -31.894  32.753 2.0000000000
8703  -32.803  -29.968  31.053 2.0000000000
8704  -33.747  -27.868  30.404 2.0000000000
8705  -34.757  -25.830  29.546 2.0000000000
8706  -26.503  -24.219  35.934 2.0000000000
8707  -28.147  -23.900  34.951 2.0000000000
8708  -29.768  -23.620  33.917 2.0000000000
8709  -30.469  -19.505  33.922 2.0000000000
8710  -31.013  -21.395  33.276 2.0000000000
8711  -31.415  -23.504  32.744 2.0000000000
8712  -32.962  -23.562  31.473 2.0000000000
8713  -34.359  -23.447  30.151 2.0000000000
8714  -35.617  -23.898  28.677 2.0000000000
8718  -36.652  -15.080  27.517 2.0000000000
8719  -37.706  -15.333  25.732 2.0000000000
8720  -38.547  -15.459  23.863 2.0000000000
8721  -39.012  -13.617  22.523 2.0000000000
8729  -27.181  -9.336  38.312 2.0000000000
8730  -28.657  -8.542  36.671 2.0000000000
8731  -30.205  -7.985  34.928 2.0000000000
8732  -31.760  -7.548  33.145 2.0000000000
8741  -33.164  -7.303  31.486 2.0000000000
8742  -34.599  -6.899  29.668 2.0000000000
8743  -35.950  -6.849  27.833 2.0000000000
8744  -37.213  -6.844  25.875 2.0000000000
8746  -37.749  -4.639  24.564 2.0000000000
8747  -38.267  -6.823  23.907 2.0000000000
8815  -7.023  -24.826  57.450 2.0000000000
8818  -7.886  -29.937  53.592 2.0000000000
8854  -21.935  -37.330  35.535 2.0000000000
9358  -37.241  -28.543  25.601 2.0000000000
9359  -37.309  -30.954  24.914 2.0000000000
9360  -37.420  -33.089  23.957 2.0000000000
9361  -38.525  -31.411  20.839 2.0000000000
9362  -38.040  -33.319  21.943 2.0000000000
9363  -37.410  -35.348  22.920 2.0000000000
9364  -37.277  -37.457  21.859 2.0000000000
9365  -37.020  -39.548  20.637 2.0000000000
9366  -36.665  -41.476  19.282 2.0000000000
9367  -37.057  -41.382  16.927 2.0000000000
9391  -36.571  -23.653  7.899 2.0000000000
9392  -37.255  -25.428  8.843 2.0000000000
9393  -37.921  -27.462  10.000 2.0000000000
9394  -37.897  -29.053  8.776 2.0000000000
9395  -37.990  -30.672  7.689 2.0000000000
20  28.038  -33.745  54.356 2.0000000000
107  28.895  -12.631  65.377 2.0000000000
307  28.238  -21.958  50.663 2.0000000000
309  28.180  -31.650  44.657 2.0000000000
418  27.279  -44.074  57.527 2.0000000000
486  29.248  -11.238  56.519 2.0000000000
488  25.601  -12.921  71.487 2.0000000000
489  27.063  -23.812  68.241 2.0000000000
490  27.064  -34.269  63.492 2.0000000000
787  28.131  -27.951  52.508 2.0000000000
788  28.034  -26.898  47.700 2.0000000000
789  28.093  -32.801  49.310 2.0000000000
1062  29.328  -6.157  63.736 2.0000000000
1063  29.591  -5.740  59.543 2.0000000000
1064  29.318  -12.261  61.173 2.0000000000
1065  28.981  -17.544  58.448 2.0000000000
1066  28.908  -18.128  62.787 2.0000000000
1070  22.978  -27.907  71.531 2.0000000000
1071  25.064  -23.442  71.003 2.0000000000
1072  25.451  -28.700  69.380 2.0000000000
1073  27.087  -29.050  66.118 2.0000000000
1576  28.351  -6.818  67.607 2.0000000000
1705  28.411  -15.480  48.858 2.0000000000
1706  28.305  -13.965  44.669 2.0000000000
1708  28.097  -25.463  43.261 2.0000000000
1709  28.419  -30.278  40.344 2.0000000000
1936  27.798  -39.086  56.102 2.0000000000
1937  28.144  -38.622  51.017 2.0000000000
1938  28.004  -43.875  52.834 2.0000000000
2103  29.450  -4.727  54.909 2.0000000000
2104  28.935  -10.386  52.006 2.0000000000
2105  28.709  -16.821  53.642 2.0000000000
2106  28.479  -22.892  55.317 2.0000000000
2107  28.192  -28.865  57.145 2.0000000000
2111  24.254  -18.001  72.156 2.0000000000
2112  26.678  -18.336  70.079 2.0000000000
2113  28.223  -18.341  66.851 2.0000000000
2117  27.096  -39.093  60.675 2.0000000000
2383  28.555  -36.727  41.650 2.0000000000
2384  28.929  -35.113  37.121 2.0000000000
2707  28.087  -31.003  53.330 2.0000000000
2708  28.068  -30.498  51.027 2.0000000000
2709  28.075  -33.356  51.772 2.0000000000
2982  29.128  -9.319  64.648 2.0000000000
2983  29.385  -9.236  62.429 2.0000000000
2984  29.189  -12.238  63.412 2.0000000000
2985  29.139  -15.206  61.973 2.0000000000
2986  28.955  -15.329  64.167 2.0000000000
2991  24.282  -28.334  70.641 2.0000000000
3586  27.890  -3.810  68.369 2.0000000000
3802  28.325  -18.585  49.757 2.0000000000
3803  28.228  -17.921  47.430 2.0000000000
3804  28.145  -21.273  48.272 2.0000000000
3805  28.070  -29.412  46.156 2.0000000000
3806  28.040  -26.074  45.303 2.0000000000
3807  28.118  -28.588  44.046 2.0000000000
3808  28.226  -27.832  41.841 2.0000000000
3809  28.276  -31.095  42.477 2.0000000000
4252  27.588  -41.540  56.798 2.0000000000
4253  27.894  -41.469  54.343 2.0000000000
4254  27.689  -44.020  55.251 2.0000000000
4625  29.463  -8.361  58.042 2.0000000000
4626  29.558  -5.235  57.258 2.0000000000
4627  29.354  -8.143  55.797 2.0000000000
4628  29.207  -7.485  53.402 2.0000000000
4629  29.103  -10.726  54.180 2.0000000000
4630  28.827  -13.601  52.861 2.0000000000
4631  28.978  -14.217  55.087 2.0000000000
4632  28.792  -20.559  59.186 2.0000000000
4633  28.716  -20.394  56.829 2.0000000000
4634  28.552  -23.376  57.727 2.0000000000
4635  28.345  -25.936  56.276 2.0000000000
4640  24.884  -10.140  71.866 2.0000000000
4641  25.329  -7.253  71.416 2.0000000000
4647  23.316  -20.401  72.396 2.0000000000
4648  26.251  -23.646  69.673 2.0000000000
4649  25.954  -21.089  70.542 2.0000000000
4650  26.926  -21.087  69.234 2.0000000000
4651  27.535  -18.413  68.647 2.0000000000
4652  27.685  -21.180  67.606 2.0000000000
4653  28.215  -21.298  65.780 2.0000000000
4654  27.697  -24.006  66.504 2.0000000000
4658  27.846  -31.619  60.625 2.0000000000
4659  27.508  -34.212  61.320 2.0000000000
4661  27.070  -36.775  62.043 2.0000000000
5295  28.217  -16.371  43.144 2.0000000000
5316  28.720  -35.886  39.268 2.0000000000
6025  28.177  -25.058  51.630 2.0000000000
6026  28.096  -24.367  49.228 2.0000000000
6027  28.068  -27.507  50.058 2.0000000000
6028  28.052  -29.934  48.484 2.0000000000
6029  28.128  -32.456  46.974 2.0000000000
6520  29.530  -5.876  61.693 2.0000000000
6521  29.474  -8.939  60.296 2.0000000000
6522  29.328  -11.828  58.817 2.0000000000
6523  29.123  -14.480  57.451 2.0000000000
6524  29.182  -14.939  59.792 2.0000000000
6525  28.998  -17.911  60.632 2.0000000000
6526  28.754  -20.895  61.435 2.0000000000
6531  24.181  -12.698  72.285 2.0000000000
6532  22.642  -25.430  72.086 2.0000000000
6533  23.737  -23.039  71.948 2.0000000000
6534  24.083  -25.699  71.336 2.0000000000
6535  25.374  -26.145  70.157 2.0000000000
6536  26.311  -26.494  68.813 2.0000000000
6537  27.067  -26.494  67.278 2.0000000000
6541  26.490  -36.750  64.068 2.0000000000
7515  28.946  -6.309  65.747 2.0000000000
7516  28.725  -9.589  66.489 2.0000000000
7821  28.335  -14.599  46.680 2.0000000000
7822  28.188  -17.235  45.338 2.0000000000
7824  28.047  -23.810  46.760 2.0000000000
7825  28.056  -22.883  44.612 2.0000000000
7826  28.128  -22.048  42.475 2.0000000000
8410  27.951  -36.603  55.152 2.0000000000
8411  28.068  -36.150  52.657 2.0000000000
8412  28.005  -38.924  53.558 2.0000000000
8413  28.107  -41.238  51.903 2.0000000000
8873  29.687  -2.233  58.673 2.0000000000
8874  29.647  -1.918  56.453 2.0000000000
8875  29.564  -1.122  54.195 2.0000000000
8880  28.554  -16.114  51.269 2.0000000000
8881  28.448  -19.406  52.083 2.0000000000
8882  28.873  -17.244  56.134 2.0000000000
8883  28.604  -19.770  54.465 2.0000000000
8884  28.365  -22.547  53.117 2.0000000000
8885  28.272  -25.541  53.952 2.0000000000
8886  28.181  -28.548  54.906 2.0000000000
8887  28.080  -31.362  55.748 2.0000000000
8892  25.743  -4.048  70.832 2.0000000000
8893  26.871  -3.849  69.803 2.0000000000
8896  28.425  -12.477  67.252 2.0000000000
8899  24.947  -15.443  71.889 2.0000000000
8900  24.765  -20.693  71.625 2.0000000000
8901  25.596  -18.288  71.245 2.0000000000
8902  26.169  -15.638  70.923 2.0000000000
8904  28.000  -15.608  68.054 2.0000000000
8905  28.571  -15.547  66.251 2.0000000000
8906  28.649  -18.444  64.895 2.0000000000
8907  28.584  -21.046  63.684 2.0000000000
8909  27.665  -26.511  65.375 2.0000000000
8913  28.015  -31.537  58.183 2.0000000000
8916  27.499  -39.374  58.365 2.0000000000
8917  27.130  -41.664  59.265 2.0000000000
8918  26.520  -39.244  62.724 2.0000000000
8919  26.594  -41.524  61.353 2.0000000000
8920  26.745  -44.036  59.688 2.0000000000
9702  28.131  -35.696  50.264 2.0000000000
9703  28.190  -35.302  47.788 2.0000000000
9704  28.256  -34.778  45.474 2.0000000000
9707  28.347  -34.194  43.211 2.0000000000
9708  28.479  -33.531  40.945 2.0000000000
9709  28.668  -32.724  38.733 2.0000000000
9718  29.199  -34.653  35.079 2.0000000000
61  -26.590  33.875  -8.250 2.0000000000
122  -12.425  54.122  -24.874 2.0000000000
180  -27.006  21.004  -7.323 2.0000000000
183  -34.621  7.441  -0.618 2.0000000000
276  -14.901  50.609  -18.704 2.0000000000
397  -21.671  11.278  -7.198 2.0000000000
398  -21.399  25.253  -9.352 2.0000000000
399  -21.765  39.746  -10.673 2.0000000000
402  -36.120  -2.380  4.531 2.0000000000
528  -15.852  64.379  -23.019 2.0000000000
752  -17.491  38.198  -12.932 2.0000000000
754  -15.913  40.721  -14.799 2.0000000000
755  -14.560  43.411  -17.164 2.0000000000
899  -25.102  3.659  -4.400 2.0000000000
900  -22.247  5.174  -5.957 2.0000000000
901  -24.522  9.650  -5.899 2.0000000000
902  -26.816  27.396  -8.043 2.0000000000
903  -24.089  22.968  -8.322 2.0000000000
904  -24.071  29.712  -9.038 2.0000000000
905  -21.580  32.411  -10.102 2.0000000000
906  -24.011  36.718  -9.430 2.0000000000
911  -32.025  2.360  -0.594 2.0000000000
1476  -27.318  14.600  -6.092 2.0000000000
1481  -37.531  7.521  2.173 2.0000000000
1648  -13.481  38.190  -18.552 2.0000000000
1649  -13.420  45.363  -19.804 2.0000000000
1650  -13.654  52.631  -21.551 2.0000000000
1888  -24.170  16.267  -7.279 2.0000000000
1889  -21.366  18.196  -8.393 2.0000000000
1892  -19.298  35.261  -11.403 2.0000000000
1893  -19.689  42.520  -12.162 2.0000000000
1899  -35.336  2.303  1.913 2.0000000000
1900  -32.896  -2.424  1.606 2.0000000000
2215  -22.149  46.472  -10.963 2.0000000000
2224  -20.655  56.745  -13.945 2.0000000000
2226  -16.901  55.529  -17.817 2.0000000000
2227  -15.354  57.491  -20.661 2.0000000000
2228  -13.958  59.415  -23.849 2.0000000000
2229  -15.835  70.028  -25.490 2.0000000000
2230  -14.123  65.402  -26.403 2.0000000000
2673  -16.683  39.506  -13.812 2.0000000000
2819  -26.430  6.031  -4.400 2.0000000000
2820  -24.790  6.678  -5.180 2.0000000000
2821  -26.234  9.044  -5.188 2.0000000000
2822  -26.774  30.537  -8.194 2.0000000000
2823  -25.480  28.741  -8.538 2.0000000000
2824  -25.374  31.981  -8.740 2.0000000000
2825  -24.113  33.388  -9.264 2.0000000000
2826  -25.312  35.391  -8.817 2.0000000000
2831  -29.971  5.454  -2.720 2.0000000000
2832  -28.218  5.809  -3.616 2.0000000000
3428  -38.011  12.461  1.098 2.0000000000
3706  -13.967  36.915  -17.112 2.0000000000
3707  -14.684  47.096  -17.935 2.0000000000
3708  -13.948  44.398  -18.467 2.0000000000
3709  -14.043  48.258  -19.336 2.0000000000
3710  -13.440  48.981  -20.742 2.0000000000
3711  -14.253  51.684  -20.107 2.0000000000
4142  -21.947  8.249  -6.588 2.0000000000
4144  -20.678  9.035  -7.285 2.0000000000
4146  -20.436  12.221  -7.853 2.0000000000
4148  -25.727  15.318  -6.687 2.0000000000
4149  -25.606  18.557  -7.298 2.0000000000
4150  -22.739  24.254  -8.839 2.0000000000
4151  -22.743  20.565  -8.339 2.0000000000
4152  -21.380  21.679  -8.887 2.0000000000
4153  -20.186  19.127  -8.938 2.0000000000
4154  -20.165  23.052  -9.479 2.0000000000
4156  -20.237  26.433  -9.893 2.0000000000
4157  -21.587  36.016  -10.441 2.0000000000
4158  -20.358  33.745  -10.727 2.0000000000
4159  -20.504  37.281  -11.058 2.0000000000
4160  -19.473  38.744  -11.769 2.0000000000
4161  -20.654  40.965  -11.390 2.0000000000
4170  -36.146  7.563  0.634 2.0000000000
4171  -36.547  5.076  2.005 2.0000000000
4172  -35.085  4.889  0.700 2.0000000000
4173  -30.793  -0.034  -0.583 2.0000000000
4174  -32.524  -0.119  0.569 2.0000000000
4175  -31.104  -2.539  0.366 2.0000000000
4176  -31.733  -4.816  1.453 2.0000000000
4900  -23.116  51.642  -10.353 2.0000000000
4901  -23.149  48.395  -10.221 2.0000000000
4902  -22.213  49.746  -11.192 2.0000000000
4903  -21.114  47.955  -11.929 2.0000000000
4904  -21.321  51.603  -12.266 2.0000000000
4924  -20.828  60.025  -14.448 2.0000000000
4925  -19.845  58.194  -15.275 2.0000000000
4926  -19.543  54.635  -14.658 2.0000000000
4927  -18.803  56.340  -15.928 2.0000000000
4929  -17.978  57.480  -17.237 2.0000000000
4930  -16.635  63.258  -21.321 2.0000000000
4933  -14.639  58.533  -22.250 2.0000000000
4934  -14.891  61.934  -23.415 2.0000000000
4939  -14.035  68.286  -27.865 2.0000000000
5964  -16.535  35.682  -13.272 2.0000000000
5965  -15.780  36.771  -14.192 2.0000000000
5966  -15.064  38.049  -15.302 2.0000000000
5967  -14.461  39.532  -16.505 2.0000000000
5968  -15.213  41.903  -15.878 2.0000000000
5969  -15.341  45.762  -16.651 2.0000000000
5970  -15.592  49.429  -17.373 2.0000000000
6229  -23.614  4.323  -5.184 2.0000000000
6230  -23.301  7.411  -5.894 2.0000000000
6231  -23.039  10.653  -6.597 2.0000000000
6234  -25.448  25.273  -8.244 2.0000000000
6235  -24.160  26.313  -8.696 2.0000000000
6236  -22.723  27.476  -9.222 2.0000000000
6237  -21.542  28.884  -9.741 2.0000000000
6238  -22.850  31.029  -9.533 2.0000000000
6239  -22.795  34.662  -9.841 2.0000000000
6240  -22.879  38.247  -10.019 2.0000000000
6246  -32.972  7.554  -1.780 2.0000000000
6247  -33.415  4.931  -0.579 2.0000000000
6248  -31.744  5.138  -1.691 2.0000000000
6249  -30.357  2.666  -1.669 2.0000000000
6253  -25.648  1.064  -3.589 2.0000000000
6704  -16.796  66.273  -22.403 2.0000000000
7284  -27.672  11.490  -5.281 2.0000000000
7290  -28.474  23.077  -7.183 2.0000000000
7291  -28.235  26.293  -7.529 2.0000000000
7292  -28.181  29.277  -7.651 2.0000000000
7293  -27.944  32.466  -7.667 2.0000000000
7295  -38.616  7.612  3.719 2.0000000000
7296  -38.346  10.064  2.386 2.0000000000
7297  -37.218  9.957  0.885 2.0000000000
7298  -35.839  9.988  -0.533 2.0000000000
7686  -13.059  39.278  -20.051 2.0000000000
7687  -13.926  40.595  -17.715 2.0000000000
7688  -13.390  41.711  -19.159 2.0000000000
7689  -12.928  43.048  -20.683 2.0000000000
7690  -12.905  46.531  -21.364 2.0000000000
7691  -12.942  50.312  -22.289 2.0000000000
7692  -13.049  53.629  -23.192 2.0000000000
8278  -25.957  12.045  -5.950 2.0000000000
8279  -24.450  12.932  -6.584 2.0000000000
8280  -22.867  13.812  -7.224 2.0000000000
8281  -24.221  19.725  -7.832 2.0000000000
8282  -22.757  17.162  -7.817 2.0000000000
8283  -21.466  14.755  -7.834 2.0000000000
8284  -20.227  15.759  -8.449 2.0000000000
8290  -20.351  30.063  -10.298 2.0000000000
8291  -19.197  31.473  -10.962 2.0000000000
8292  -18.201  32.704  -11.643 2.0000000000
8293  -18.283  36.458  -12.131 2.0000000000
8294  -18.510  40.276  -12.573 2.0000000000
8307  -37.836  4.956  3.600 2.0000000000
8308  -36.809  2.648  3.277 2.0000000000
8309  -35.675  -0.029  3.147 2.0000000000
8310  -33.827  2.359  0.644 2.0000000000
8311  -34.155  -0.131  1.809 2.0000000000
8312  -34.529  -2.594  3.021 2.0000000000
8313  -33.342  -4.813  2.720 2.0000000000
9193  -28.944  34.189  -6.896 2.0000000000
9194  -27.700  35.646  -7.513 2.0000000000
9203  -26.522  36.968  -8.114 2.0000000000
9206  -22.970  41.726  -10.130 2.0000000000
9208  -23.087  45.058  -10.164 2.0000000000
9209  -21.900  43.049  -10.862 2.0000000000
9210  -20.956  44.621  -11.627 2.0000000000
9236  -21.469  55.109  -12.662 2.0000000000
9237  -20.401  53.311  -13.478 2.0000000000
9242  -15.871  53.160  -18.248 2.0000000000
9245  -15.153  54.170  -19.611 2.0000000000
9246  -14.460  55.075  -21.058 2.0000000000
9247  -13.801  55.978  -22.604 2.0000000000
9251  -15.924  67.338  -24.244 2.0000000000
9252  -14.860  70.702  -27.392 2.0000000000
9253  -14.941  67.893  -26.115 2.0000000000
9254  -14.990  65.061  -24.737 2.0000000000
9255  -14.124  62.552  -25.041 2.0000000000
18  -6.166  -51.718  41.303 2.0000000000
188  -21.196  -52.288  32.074 2.0000000000
406  -27.885  -56.969  17.029 2.0000000000
409  -11.320  -48.852  37.987 2.0000000000
772  -3.625  -53.201  43.278 2.0000000000
773  -2.084  -58.168  41.223 2.0000000000
774  -4.729  -56.803  39.593 2.0000000000
914  -23.833  -60.194  23.247 2.0000000000
915  -25.264  -60.347  18.772 2.0000000000
918  -32.145  -50.411  18.576 2.0000000000
922  -14.033  -47.435  36.708 2.0000000000
923  -12.925  -52.296  35.934 2.0000000000
924  -15.939  -50.767  34.929 2.0000000000
925  -23.309  -54.558  29.548 2.0000000000
926  -20.126  -56.924  30.483 2.0000000000
927  -22.235  -58.789  27.332 2.0000000000
1245  -10.717  -62.394  32.723 2.0000000000
1247  -9.594  -67.211  30.021 2.0000000000
1490  -18.989  -49.074  34.111 2.0000000000
1491  -22.142  -47.531  33.289 2.0000000000
1492  -24.335  -50.249  31.220 2.0000000000
1669  -32.401  -50.975  4.777 2.0000000000
1684  -11.645  -70.294  26.473 2.0000000000
1910  -30.496  -53.494  15.242 2.0000000000
1911  -31.426  -52.492  10.147 2.0000000000
1912  -33.840  -48.696  8.407 2.0000000000
1916  -7.374  -55.312  38.261 2.0000000000
1917  -10.101  -53.863  37.012 2.0000000000
1918  -11.831  -57.371  34.665 2.0000000000
1919  -13.911  -60.684  32.128 2.0000000000
1920  -17.891  -54.048  33.032 2.0000000000
1921  -16.975  -58.924  31.387 2.0000000000
1922  -15.851  -63.711  29.183 2.0000000000
2330  -8.505  -72.072  26.317 2.0000000000
2692  -4.861  -52.699  42.147 2.0000000000
2693  -4.091  -55.111  41.374 2.0000000000
2694  -5.489  -54.239  40.501 2.0000000000
2843  -14.982  -49.027  35.821 2.0000000000
2846  -22.726  -56.739  28.520 2.0000000000
2848  -23.082  -59.536  25.456 2.0000000000
3165  -11.646  -64.155  31.236 2.0000000000
3166  -10.161  -64.987  31.366 2.0000000000
3434  -27.034  -49.989  29.408 2.0000000000
3446  -24.835  -47.893  31.959 2.0000000000
3447  -25.871  -49.149  30.790 2.0000000000
3448  -25.509  -51.276  29.865 2.0000000000
3742  -33.662  -48.857  3.905 2.0000000000
3760  -2.766  -59.795  39.223 2.0000000000
3761  -1.426  -60.525  39.922 2.0000000000
3766  -14.397  -70.351  24.529 2.0000000000
4187  -26.571  -58.644  18.025 2.0000000000
4188  -25.871  -60.154  16.339 2.0000000000
4189  -27.132  -58.423  15.415 2.0000000000
4191  -28.314  -56.789  14.531 2.0000000000
4192  -29.587  -51.943  23.874 2.0000000000
4194  -30.223  -52.157  21.750 2.0000000000
4196  -31.362  -51.946  16.982 2.0000000000
4197  -31.791  -51.685  14.395 2.0000000000
4198  -30.951  -53.086  12.646 2.0000000000
4200  -32.673  -50.590  9.067 2.0000000000
4207  -10.058  -49.361  38.757 2.0000000000
4208  -9.433  -52.018  38.197 2.0000000000
4209  -10.737  -51.305  37.551 2.0000000000
4210  -13.900  -54.030  34.897 2.0000000000
4211  -12.462  -54.867  35.319 2.0000000000
4214  -14.315  -58.346  33.051 2.0000000000
4215  -20.125  -50.629  33.181 2.0000000000
4216  -18.446  -51.570  33.616 2.0000000000
4217  -19.489  -53.125  32.603 2.0000000000
4218  -19.660  -59.106  29.500 2.0000000000
4219  -18.537  -57.804  31.038 2.0000000000
4220  -18.137  -60.185  29.940 2.0000000000
4221  -16.515  -61.276  30.349 2.0000000000
4222  -17.444  -62.548  28.862 2.0000000000
4223  -16.962  -64.755  27.540 2.0000000000
4224  -18.543  -63.582  27.080 2.0000000000
5175  -8.224  -57.048  36.796 2.0000000000
5183  -11.192  -72.672  24.432 2.0000000000
5184  -10.134  -71.289  26.330 2.0000000000
6000  -2.844  -55.789  42.268 2.0000000000
6001  -3.402  -57.545  40.337 2.0000000000
6256  -24.578  -60.397  21.053 2.0000000000
6257  -26.015  -58.618  20.406 2.0000000000
6258  -27.378  -57.020  19.463 2.0000000000
6260  -31.652  -50.393  20.923 2.0000000000
6268  -12.636  -48.052  37.356 2.0000000000
6269  -12.059  -50.586  36.947 2.0000000000
6270  -13.458  -49.834  36.376 2.0000000000
6271  -14.431  -51.630  35.380 2.0000000000
6272  -15.400  -53.449  34.384 2.0000000000
6273  -22.352  -53.552  30.826 2.0000000000
6274  -20.622  -54.559  31.393 2.0000000000
6275  -21.692  -55.779  30.036 2.0000000000
6276  -21.216  -58.013  28.961 2.0000000000
6277  -20.655  -60.201  27.817 2.0000000000
6278  -20.066  -62.312  26.600 2.0000000000
6279  -21.571  -60.981  26.040 2.0000000000
6851  -9.203  -63.262  32.890 2.0000000000
6852  -8.575  -65.676  31.565 2.0000000000
6853  -7.973  -68.108  29.982 2.0000000000
7307  -28.824  -51.547  25.892 2.0000000000
7319  -21.615  -49.847  32.780 2.0000000000
7320  -23.751  -46.607  32.913 2.0000000000
7321  -23.227  -48.917  32.366 2.0000000000
7322  -22.740  -51.216  31.699 2.0000000000
7323  -23.853  -52.343  30.466 2.0000000000
7737  -31.756  -51.995  2.892 2.0000000000
7767  -13.795  -67.040  28.016 2.0000000000
7770  -12.787  -71.565  24.535 2.0000000000
8337  -28.638  -55.448  18.756 2.0000000000
8338  -30.831  -52.084  19.586 2.0000000000
8339  -30.066  -53.643  17.866 2.0000000000
8340  -29.208  -55.217  16.162 2.0000000000
8341  -29.727  -54.814  13.560 2.0000000000
8344  -31.946  -51.728  7.475 2.0000000000
8345  -33.117  -49.854  6.505 2.0000000000
8346  -34.275  -47.873  5.696 2.0000000000
8354  -6.775  -53.575  39.664 2.0000000000
8355  -8.085  -52.704  38.962 2.0000000000
8356  -8.725  -54.592  37.620 2.0000000000
8357  -9.516  -56.469  36.281 2.0000000000
8358  -11.541  -53.233  36.384 2.0000000000
8359  -10.989  -55.704  35.775 2.0000000000
8360  -10.375  -58.038  35.108 2.0000000000
8363  -13.250  -63.141  31.079 2.0000000000
8364  -17.416  -49.983  34.510 2.0000000000
8365  -16.828  -52.449  34.055 2.0000000000
8366  -16.416  -54.962  33.398 2.0000000000
8367  -18.975  -55.525  31.884 2.0000000000
8368  -17.497  -56.422  32.284 2.0000000000
8369  -15.913  -57.435  32.657 2.0000000000
8370  -15.442  -59.940  31.718 2.0000000000
8371  -14.874  -62.190  30.777 2.0000000000
8373  -15.418  -65.999  27.744 2.0000000000
9539  -6.035  -56.164  38.859 2.0000000000
9549  -9.002  -69.678  28.269 2.0000000000
9550  -7.417  -70.359  28.305 2.0000000000
9551  -7.950  -74.419  24.252 2.0000000000
300  26.522  -78.316  3.662 2.0000000000
301  26.855  -81.102  13.172 2.0000000000
570  23.080  -69.604  -11.611 2.0000000000
571  24.847  -74.550  -4.775 2.0000000000
780  27.169  -75.804  13.032 2.0000000000
781  27.184  -76.847  18.158 2.0000000000
1260  24.324  -69.630  -4.589 2.0000000000
1261  25.240  -71.386  -0.769 2.0000000000
1692  26.108  -72.858  3.599 2.0000000000
1693  26.808  -74.516  8.412 2.0000000000
1694  26.899  -79.966  8.436 2.0000000000
2345  23.713  -63.121  -7.709 2.0000000000
2346  22.977  -65.244  -10.817 2.0000000000
2347  23.482  -67.641  -8.117 2.0000000000
2348  23.875  -72.334  -8.446 2.0000000000
2350  25.792  -76.572  -0.732 2.0000000000
2356  26.355  -81.976  18.019 2.0000000000
2398  24.999  -59.961  -4.417 2.0000000000
2700  27.494  -74.129  18.107 2.0000000000
3180  25.133  -68.901  -0.737 2.0000000000
3181  25.587  -69.714  1.366 2.0000000000
3780  26.762  -71.943  8.197 2.0000000000
3782  27.052  -78.330  13.221 2.0000000000
3783  26.993  -77.969  10.791 2.0000000000
3784  26.926  -80.569  10.915 2.0000000000
5220  23.511  -65.367  -7.932 2.0000000000
5222  24.515  -72.102  -4.755 2.0000000000
5223  24.040  -71.060  -6.578 2.0000000000
5224  24.347  -73.558  -6.767 2.0000000000
5225  24.253  -74.809  -8.766 2.0000000000
5227  26.311  -75.574  3.761 2.0000000000
5228  25.922  -74.737  1.504 2.0000000000
5229  26.182  -77.370  1.392 2.0000000000
5242  26.155  -79.989  22.830 2.0000000000
5243  26.571  -79.613  20.625 2.0000000000
5244  25.956  -82.086  20.365 2.0000000000
5350  24.980  -62.885  -2.602 2.0000000000
5352  24.622  -62.190  -4.440 2.0000000000
5626  22.962  -67.422  -11.192 2.0000000000
6013  27.424  -73.741  15.487 2.0000000000
6014  27.240  -76.255  15.637 2.0000000000
6015  26.986  -79.026  15.654 2.0000000000
6875  24.735  -65.469  -2.698 2.0000000000
6876  24.250  -67.249  -4.565 2.0000000000
6877  24.701  -67.904  -2.620 2.0000000000
6878  24.764  -70.510  -2.802 2.0000000000
6879  25.006  -72.891  -2.669 2.0000000000
6880  26.733  -81.141  3.504 2.0000000000
6881  26.460  -79.970  1.308 2.0000000000
6882  26.730  -82.746  1.152 2.0000000000
7120  23.369  -71.996  -11.844 2.0000000000
7788  26.000  -70.374  3.492 2.0000000000
7789  26.410  -71.060  5.844 2.0000000000
7790  26.493  -73.751  5.977 2.0000000000
7791  26.618  -76.430  6.011 2.0000000000
7792  27.030  -75.279  10.747 2.0000000000
7793  26.857  -77.204  8.457 2.0000000000
7794  26.758  -79.124  5.993 2.0000000000
9595  23.277  -64.172  -9.297 2.0000000000
9596  23.188  -66.469  -9.516 2.0000000000
9597  23.249  -68.804  -9.798 2.0000000000
9598  23.863  -68.597  -6.473 2.0000000000
9599  23.603  -69.869  -8.255 2.0000000000
9600  23.452  -71.061  -10.033 2.0000000000
9601  23.809  -73.607  -10.363 2.0000000000
9604  25.699  -72.225  1.371 2.0000000000
9605  25.480  -73.995  -0.738 2.0000000000
9606  25.327  -75.660  -2.903 2.0000000000
9607  26.118  -79.231  -1.039 2.0000000000
9622  27.046  -77.155  20.678 2.0000000000
9623  26.812  -79.473  18.225 2.0000000000
9624  26.655  -81.649  15.641 2.0000000000
9626  26.229  -84.135  15.304 2.0000000000
9627  26.600  -83.540  12.954 2.0000000000
9753  24.718  -59.390  -6.085 2.0000000000
9754  24.046  -60.877  -7.663 2.0000000000
84  -39.126  -29.614  -45.497 2.0000000000
85  -40.893  -4.315  -44.580 2.0000000000
440  -40.939  -15.782  -46.217 2.0000000000
532  -39.240  -2.015  -32.002 2.0000000000
971  -41.367  -10.274  -41.831 2.0000000000
975  -40.325  -3.344  -49.077 2.0000000000
1350  -37.717  2.026  -32.795 2.0000000000
1351  -39.436  0.750  -35.940 2.0000000000
1520  -41.401  -11.167  -37.714 2.0000000000
1521  -41.075  -5.427  -40.517 2.0000000000
1985  -41.022  -22.409  -42.358 2.0000000000
1986  -40.299  -22.534  -46.102 2.0000000000
2235  -40.016  -8.908  -27.958 2.0000000000
2236  -40.272  -6.003  -31.156 2.0000000000
2239  -35.259  2.260  -29.226 2.0000000000
2455  -40.434  -3.765  -34.539 2.0000000000
2456  -40.461  -1.583  -38.478 2.0000000000
2457  -40.366  0.200  -43.033 2.0000000000
2605  -40.923  -8.832  -31.568 2.0000000000
2895  -40.665  -3.790  -46.843 2.0000000000
3270  -36.800  4.050  -33.294 2.0000000000
3301  -39.054  -32.551  -43.421 2.0000000000
4354  -41.228  -16.110  -44.170 2.0000000000
4355  -41.273  -19.125  -42.397 2.0000000000
4356  -41.027  -19.187  -44.344 2.0000000000
4357  -40.731  -22.362  -44.269 2.0000000000
4358  -40.673  -19.165  -46.235 2.0000000000
4950  -39.468  -7.038  -28.044 2.0000000000
4955  -36.324  0.471  -28.959 2.0000000000
4956  -34.988  0.296  -27.120 2.0000000000
5490  -39.839  -4.088  -31.608 2.0000000000
5491  -40.380  -4.879  -32.820 2.0000000000
5492  -39.881  -2.579  -33.388 2.0000000000
5494  -40.041  -0.386  -37.240 2.0000000000
5496  -40.448  -0.683  -40.643 2.0000000000
5504  -39.593  3.868  -46.318 2.0000000000
5506  -39.570  2.261  -49.878 2.0000000000
6355  -41.477  -13.181  -40.050 2.0000000000
6356  -41.487  -16.059  -40.299 2.0000000000
6358  -41.304  -12.967  -43.980 2.0000000000
6359  -41.068  -12.640  -46.069 2.0000000000
6360  -40.695  -12.628  -48.129 2.0000000000
6361  -40.763  -9.305  -47.985 2.0000000000
6362  -40.350  -6.016  -49.735 2.0000000000
7038  -38.528  -0.052  -32.306 2.0000000000
7039  -39.323  -0.431  -33.992 2.0000000000
7040  -38.638  1.549  -34.374 2.0000000000
7384  -41.397  -13.956  -34.593 2.0000000000
7385  -41.442  -13.645  -36.290 2.0000000000
7386  -41.480  -13.576  -38.153 2.0000000000
7388  -41.266  -7.929  -41.078 2.0000000000
7389  -41.019  -4.859  -42.484 2.0000000000
8534  -39.595  -32.222  -41.574 2.0000000000
8542  -40.681  -25.567  -42.152 2.0000000000
8544  -39.776  -25.904  -45.972 2.0000000000
9268  -40.622  -7.945  -30.708 2.0000000000
9269  -40.158  -7.431  -29.499 2.0000000000
9270  -39.698  -5.507  -29.869 2.0000000000
9271  -39.099  -3.548  -30.177 2.0000000000
9274  -38.323  -1.604  -30.343 2.0000000000
9275  -37.438  0.400  -30.614 2.0000000000
9276  -36.509  2.345  -31.015 2.0000000000
9277  -35.481  4.184  -31.414 2.0000000000
9284  -33.874  2.072  -27.460 2.0000000000
9285  -34.056  4.046  -29.513 2.0000000000
9921  -40.820  -5.156  -35.631 2.0000000000
9922  -39.988  -1.460  -35.288 2.0000000000
9923  -40.489  -2.762  -36.489 2.0000000000
9924  -40.833  -4.230  -37.574 2.0000000000
9925  -40.820  -3.381  -39.502 2.0000000000
9926  -40.766  -2.515  -41.643 2.0000000000
9927  -40.686  -2.017  -43.855 2.0000000000
9934  -39.815  2.963  -43.998 2.0000000000
9935  -40.234  0.804  -45.177 2.0000000000
9937  -40.173  -0.741  -48.457 2.0000000000
29  -37.867  -38.526  0.188 2.0000000000
129  -39.779  -25.107  -17.441 2.0000000000
290  -39.099  -34.481  -16.321 2.0000000000
546  -37.501  -30.090  -2.098 2.0000000000
547  -37.165  -24.073  -10.104 2.0000000000
770  -38.250  -37.085  -8.224 2.0000000000
771  -38.299  -35.848  -4.579 2.0000000000
1207  -35.938  -26.221  -2.823 2.0000000000
1208  -37.277  -27.440  -6.117 2.0000000000
1209  -35.459  -23.488  -6.697 2.0000000000
1232  -39.780  -29.788  -17.049 2.0000000000
1234  -40.397  -25.486  -21.122 2.0000000000
1674  -37.733  -39.570  -15.191 2.0000000000
1675  -38.004  -38.411  -11.715 2.0000000000
1676  -39.030  -33.680  -12.626 2.0000000000
1914  -37.525  -40.539  5.181 2.0000000000
2271  -38.172  -36.546  3.639 2.0000000000
2279  -37.890  -32.364  2.276 2.0000000000
2280  -38.180  -34.252  -1.088 2.0000000000
2282  -38.439  -28.257  -9.745 2.0000000000
2313  -39.037  -35.416  -19.683 2.0000000000
2687  -37.359  -40.683  1.082 2.0000000000
2689  -37.650  -39.423  -1.483 2.0000000000
2690  -37.970  -37.983  -3.913 2.0000000000
3127  -34.851  -24.275  -3.217 2.0000000000
3128  -35.652  -24.921  -4.752 2.0000000000
3152  -39.876  -27.362  -17.312 2.0000000000
3153  -40.119  -27.572  -19.184 2.0000000000
3154  -40.146  -25.346  -19.326 2.0000000000
3155  -40.369  -23.271  -21.196 2.0000000000
3156  -40.007  -23.033  -19.443 2.0000000000
3752  -38.599  -34.991  -8.487 2.0000000000
3753  -38.631  -35.510  -10.434 2.0000000000
5060  -37.684  -31.296  0.062 2.0000000000
5061  -38.053  -33.356  0.631 2.0000000000
5062  -37.965  -32.157  -1.613 2.0000000000
5065  -37.197  -25.766  -8.186 2.0000000000
5066  -37.914  -27.902  -7.993 2.0000000000
5067  -37.944  -26.141  -10.043 2.0000000000
5069  -37.953  -24.274  -11.921 2.0000000000
5078  -39.177  -18.580  -19.447 2.0000000000
5137  -38.490  -37.031  -15.819 2.0000000000
5138  -38.386  -37.640  -17.496 2.0000000000
5139  -39.054  -35.010  -17.925 2.0000000000
5148  -40.973  -18.848  -26.589 2.0000000000
5149  -40.859  -16.751  -26.522 2.0000000000
5151  -40.630  -14.628  -26.417 2.0000000000
5996  -38.276  -36.579  -6.317 2.0000000000
5997  -38.532  -34.267  -6.761 2.0000000000
6781  -36.791  -28.074  -2.432 2.0000000000
6782  -37.344  -28.821  -4.020 2.0000000000
6783  -36.567  -26.798  -4.376 2.0000000000
6784  -36.428  -25.416  -6.348 2.0000000000
6785  -36.282  -23.742  -8.347 2.0000000000
6825  -38.239  -38.813  -20.709 2.0000000000
6826  -39.525  -32.033  -16.674 2.0000000000
6828  -39.911  -30.055  -18.837 2.0000000000
6829  -40.271  -27.851  -20.951 2.0000000000
6830  -40.550  -25.702  -22.751 2.0000000000
6831  -40.784  -23.535  -24.587 2.0000000000
6832  -40.627  -23.288  -22.974 2.0000000000
7747  -37.020  -41.463  -12.803 2.0000000000
7748  -37.858  -39.026  -13.579 2.0000000000
7749  -38.563  -36.532  -14.122 2.0000000000
7750  -38.148  -37.744  -9.949 2.0000000000
7751  -38.624  -35.985  -12.307 2.0000000000
7752  -39.071  -34.178  -14.525 2.0000000000
7755  -39.524  -27.177  -15.315 2.0000000000
8352  -37.677  -39.656  2.648 2.0000000000
9372  -37.713  -40.247  9.489 2.0000000000
9373  -37.863  -39.408  6.937 2.0000000000
9374  -37.939  -38.649  4.415 2.0000000000
9375  -38.037  -37.627  1.976 2.0000000000
9401  -38.171  -35.503  1.261 2.0000000000
9402  -38.149  -36.332  -0.465 2.0000000000
9405  -38.534  -32.126  -7.115 2.0000000000
9407  -38.330  -30.052  -7.508 2.0000000000
9408  -38.708  -30.525  -9.279 2.0000000000
9414  -36.247  -22.138  -10.189 2.0000000000
9421  -39.680  -20.666  -19.529 2.0000000000
9427  -40.306  -12.633  -26.355 2.0000000000
9495  -37.608  -40.202  -16.986 2.0000000000
9496  -38.343  -38.079  -19.145 2.0000000000
9507  -40.981  -21.266  -26.499 2.0000000000
35  33.974  -22.298  20.887 2.0000000000
426  32.522  -10.493  27.551 2.0000000000
801  34.120  -28.335  16.926 2.0000000000
1956  33.359  -16.176  24.431 2.0000000000
2379  30.942  -12.384  30.982 2.0000000000
2380  31.729  -17.808  28.057 2.0000000000
2381  32.494  -23.714  24.615 2.0000000000
2389  31.603  -31.056  24.876 2.0000000000
2390  32.851  -29.763  20.983 2.0000000000
2391  32.687  -35.680  17.052 2.0000000000
2392  31.915  -41.406  12.597 2.0000000000
2721  34.104  -25.384  18.984 2.0000000000
4293  33.840  -5.347  25.510 2.0000000000
4294  33.446  -9.222  25.703 2.0000000000
4295  33.859  -12.534  24.093 2.0000000000
4296  33.002  -13.088  25.962 2.0000000000
5306  30.990  -18.835  29.784 2.0000000000
5307  31.399  -21.632  28.151 2.0000000000
5308  32.131  -20.807  26.379 2.0000000000
5309  31.736  -24.707  26.499 2.0000000000
5331  32.233  -30.473  22.853 2.0000000000
5332  32.276  -33.530  20.963 2.0000000000
5333  32.843  -32.652  19.114 2.0000000000
5334  32.212  -36.337  19.069 2.0000000000
8461  34.196  -1.189  25.380 2.0000000000
8466  33.755  -19.083  22.637 2.0000000000
9694  31.283  -8.363  30.799 2.0000000000
9695  31.703  -11.217  29.315 2.0000000000
9696  30.575  -16.111  31.346 2.0000000000
9697  31.322  -15.189  29.560 2.0000000000
9698  32.159  -14.268  27.697 2.0000000000
9699  32.532  -17.131  26.213 2.0000000000
9700  32.954  -19.950  24.469 2.0000000000
9701  33.240  -23.082  22.717 2.0000000000
9725  31.368  -28.211  26.666 2.0000000000
9726  32.058  -27.458  24.686 2.0000000000
9727  32.741  -26.875  22.750 2.0000000000
9728  33.445  -26.203  20.787 2.0000000000
9729  33.481  -29.148  18.970 2.0000000000
9730  33.379  -32.167  16.990 2.0000000000
9731  33.107  -35.242  14.894 2.0000000000
9732  32.032  -39.138  16.897 2.0000000000
9733  32.399  -38.532  14.857 2.0000000000
9734  32.729  -37.933  12.786 2.0000000000
181  -31.961  28.606  -5.788 2.0000000000
212  -31.696  22.519  21.352 2.0000000000
213  -29.365  31.787  17.046 2.0000000000
452  -36.885  25.444  3.244 2.0000000000
454  -32.091  33.221  7.583 2.0000000000
693  -28.804  25.975  23.832 2.0000000000
992  -36.318  25.183  7.455 2.0000000000
996  -27.739  36.557  15.111 2.0000000000
1532  -33.537  23.875  16.638 2.0000000000
1533  -32.326  28.233  14.439 2.0000000000
1534  -30.544  27.419  19.196 2.0000000000
2013  -35.186  28.415  -2.005 2.0000000000
2015  -33.082  33.203  3.184 2.0000000000
2017  -30.734  32.828  12.298 2.0000000000
2912  -35.742  25.040  9.744 2.0000000000
2914  -34.463  26.867  10.804 2.0000000000
3422  -32.373  25.798  -5.796 2.0000000000
3424  -30.985  26.826  -6.474 2.0000000000
3512  -32.634  23.305  18.969 2.0000000000
3513  -32.064  25.567  17.955 2.0000000000
3514  -31.190  24.969  20.228 2.0000000000
4412  -36.940  25.376  1.293 2.0000000000
4413  -36.188  27.147  0.371 2.0000000000
4414  -36.113  27.374  2.220 2.0000000000
4415  -33.496  31.226  6.381 2.0000000000
4416  -33.847  31.436  4.248 2.0000000000
4417  -32.669  33.211  5.364 2.0000000000
4418  -31.807  35.228  4.348 2.0000000000
4420  -30.835  30.085  15.659 2.0000000000
4421  -31.549  30.577  13.315 2.0000000000
4422  -29.985  32.511  14.664 2.0000000000
4424  -28.520  36.769  12.677 2.0000000000
5799  -33.214  27.431  -5.085 2.0000000000
5853  -30.260  24.369  22.452 2.0000000000
6392  -36.674  25.360  5.323 2.0000000000
6396  -32.923  31.170  8.542 2.0000000000
6398  -28.493  34.254  16.147 2.0000000000
6673  -32.480  34.740  0.254 2.0000000000
6674  -32.525  34.292  -1.534 2.0000000000
7413  -33.790  26.432  13.170 2.0000000000
7414  -32.980  26.068  15.495 2.0000000000
7415  -31.454  27.766  16.934 2.0000000000
7416  -29.969  29.594  18.157 2.0000000000
7417  -29.699  26.777  21.473 2.0000000000
7418  -29.109  28.961  20.616 2.0000000000
8615  -35.347  28.871  -0.436 2.0000000000
8620  -32.233  35.057  2.162 2.0000000000
8623  -33.078  28.620  12.073 2.0000000000
8624  -32.239  30.913  11.013 2.0000000000
8625  -31.470  32.978  9.999 2.0000000000
8626  -29.195  34.658  13.816 2.0000000000
8627  -29.910  34.975  11.400 2.0000000000
9186  -34.928  27.467  -3.299 2.0000000000
9189  -32.417  33.525  -3.118 2.0000000000
9190  -32.062  32.588  -4.454 2.0000000000
9191  -31.410  31.491  -5.594 2.0000000000
39  -34.804  -2.070  -61.391 2.0000000000
611  -28.243  21.246  -64.302 2.0000000000
612  -28.766  11.198  -67.610 2.0000000000
1357  -34.369  15.030  -57.675 2.0000000000
1362  -24.450  25.216  -65.215 2.0000000000
2463  -35.185  4.569  -61.085 2.0000000000
2468  -27.601  24.131  -60.794 2.0000000000
2471  -32.286  10.947  -64.117 2.0000000000
2472  -32.095  4.618  -64.752 2.0000000000
2473  -28.325  4.520  -67.584 2.0000000000
2474  -24.344  3.715  -69.236 2.0000000000
5512  -35.197  7.648  -60.562 2.0000000000
5520  -28.275  24.120  -56.292 2.0000000000
5523  -22.031  28.145  -63.526 2.0000000000
5524  -26.358  23.292  -64.944 2.0000000000
5525  -26.098  24.827  -63.032 2.0000000000
5526  -27.888  22.900  -62.785 2.0000000000
5527  -29.465  22.045  -60.430 2.0000000000
5528  -29.884  20.593  -62.003 2.0000000000
5529  -31.691  18.048  -61.214 2.0000000000
5530  -30.119  18.853  -63.484 2.0000000000
5532  -30.710  13.811  -65.314 2.0000000000
5534  -32.201  7.952  -64.613 2.0000000000
5535  -30.433  8.146  -66.324 2.0000000000
5537  -28.569  8.018  -67.765 2.0000000000
5541  -22.285  2.999  -69.647 2.0000000000
7049  -36.755  11.147  -53.875 2.0000000000
7050  -35.857  12.079  -56.403 2.0000000000
7062  -28.554  19.204  -65.530 2.0000000000
9945  -35.065  1.459  -61.342 2.0000000000
9958  -24.131  26.555  -63.362 2.0000000000
9961  -28.900  23.301  -58.401 2.0000000000
9964  -32.925  17.417  -58.720 2.0000000000
9967  -30.363  16.625  -64.632 2.0000000000
9968  -32.201  13.669  -63.407 2.0000000000
9969  -33.765  10.700  -62.090 2.0000000000
9970  -33.840  7.909  -62.618 2.0000000000
9971  -33.669  4.802  -63.087 2.0000000000
9972  -33.596  1.273  -63.052 2.0000000000
9977  -26.361  4.235  -68.549 2.0000000000
77  30.995  54.374  -45.654 2.0000000000
119  25.632  89.414  -42.812 2.0000000000
427  24.823  60.058  -49.764 2.0000000000
519  22.193  77.414  -48.907 2.0000000000
520  29.439  73.700  -45.480 2.0000000000
1138  21.477  90.569  -44.495 2.0000000000
1140  24.075  83.841  -46.441 2.0000000000
1142  27.914  81.966  -44.420 2.0000000000
2200  23.860  69.095  -49.644 2.0000000000
2204  32.145  70.434  -42.732 2.0000000000
3059  22.810  87.614  -45.484 2.0000000000
3060  24.787  86.938  -44.758 2.0000000000
3062  26.742  85.835  -43.794 2.0000000000
4297  23.058  60.621  -50.366 2.0000000000
4862  23.119  73.510  -49.338 2.0000000000
4867  30.117  69.339  -45.633 2.0000000000
6322  26.468  58.791  -49.018 2.0000000000
6324  26.645  53.912  -48.811 2.0000000000
6325  26.532  48.700  -48.551 2.0000000000
6658  20.551  87.844  -46.120 2.0000000000
6659  21.955  84.549  -47.028 2.0000000000
6660  23.108  80.689  -47.841 2.0000000000
6664  28.681  78.056  -45.062 2.0000000000
9162  24.478  64.582  -49.761 2.0000000000
9165  26.193  63.576  -49.061 2.0000000000
9166  27.854  62.367  -48.153 2.0000000000
9167  29.488  60.898  -46.995 2.0000000000
9168  30.874  59.229  -45.782 2.0000000000
9174  30.921  72.157  -44.099 2.0000000000
9175  31.412  67.455  -44.430 2.0000000000
9176  31.901  62.687  -44.426 2.0000000000
28  -24.425  19.416  -36.260 2.0000000000
434  -16.351  32.634  -45.224 2.0000000000
1360  -22.619  28.788  -56.704 2.0000000000
1752  -19.704  30.310  -61.036 2.0000000000
1969  -23.960  23.054  -41.311 2.0000000000
1970  -20.802  26.274  -41.237 2.0000000000
1972  -17.705  31.927  -50.552 2.0000000000
2464  -26.390  23.446  -46.586 2.0000000000
2465  -28.542  23.231  -51.411 2.0000000000
2732  -25.833  19.582  -38.545 2.0000000000
3278  -20.237  30.277  -53.756 2.0000000000
3279  -21.963  29.052  -54.041 2.0000000000
3280  -20.753  30.070  -56.498 2.0000000000
4321  -20.992  24.725  -38.595 2.0000000000
4323  -17.035  31.377  -42.960 2.0000000000
4324  -18.659  29.581  -43.521 2.0000000000
4325  -17.906  31.005  -45.763 2.0000000000
4327  -17.106  32.194  -47.973 2.0000000000
4331  -11.894  36.935  -50.706 2.0000000000
4332  -13.090  36.187  -49.041 2.0000000000
5514  -25.286  23.243  -44.044 2.0000000000
6345  -10.628  37.402  -52.370 2.0000000000
8496  -22.785  21.143  -36.167 2.0000000000
8497  -24.192  21.314  -38.739 2.0000000000
8498  -22.630  22.953  -38.749 2.0000000000
8499  -22.331  24.571  -41.107 2.0000000000
8501  -19.164  28.100  -41.053 2.0000000000
8505  -19.500  30.512  -51.083 2.0000000000
8506  -18.437  31.550  -53.333 2.0000000000
8511  -14.051  35.385  -46.908 2.0000000000
8512  -15.561  33.726  -47.572 2.0000000000
8513  -16.043  33.334  -50.195 2.0000000000
8514  -16.695  32.821  -52.738 2.0000000000
9946  -25.647  21.423  -41.238 2.0000000000
9950  -27.560  23.405  -49.080 2.0000000000
9955  -21.199  29.686  -59.020 2.0000000000
271  -21.882  -2.013  -11.443 2.0000000000
749  -24.564  -8.833  -8.232 2.0000000000
750  -24.441  -6.121  -11.112 2.0000000000
763  -27.160  -12.492  -7.710 2.0000000000
1172  -25.237  0.578  -17.914 2.0000000000
1173  -28.797  0.881  -21.593 2.0000000000
1640  -24.648  -2.891  -14.307 2.0000000000
3093  -25.617  2.528  -19.974 2.0000000000
3692  -23.132  -4.218  -11.189 2.0000000000
3693  -24.496  -4.576  -12.638 2.0000000000
3694  -23.183  -2.660  -12.739 2.0000000000
3695  -23.330  -0.960  -14.443 2.0000000000
3696  -21.987  -0.598  -12.961 2.0000000000
4961  -30.535  1.361  -23.578 2.0000000000
5957  -25.742  -9.449  -9.369 2.0000000000
5958  -25.629  -7.920  -10.837 2.0000000000
5959  -24.373  -7.480  -9.593 2.0000000000
5960  -23.157  -5.587  -9.782 2.0000000000
5981  -27.541  -13.802  -6.347 2.0000000000
5982  -26.206  -12.018  -6.590 2.0000000000
5983  -25.782  -10.664  -7.907 2.0000000000
6718  -26.639  -1.147  -17.861 2.0000000000
6720  -26.961  0.760  -19.780 2.0000000000
6721  -27.388  2.556  -21.728 2.0000000000
7667  -26.029  -4.675  -14.255 2.0000000000
7668  -26.309  -2.892  -16.064 2.0000000000
7669  -24.933  -1.084  -16.178 2.0000000000
9282  -31.763  -0.136  -23.445 2.0000000000
1130  4.638  81.684  -46.237 2.0000000000
2188  6.147  69.685  -48.985 2.0000000000
3050  5.418  84.940  -45.558 2.0000000000
3847  6.499  62.965  -49.959 2.0000000000
3849  7.389  59.808  -50.588 2.0000000000
4831  3.922  69.104  -48.215 2.0000000000
4832  4.897  72.378  -48.152 2.0000000000
6643  5.651  75.895  -47.869 2.0000000000
6644  6.443  79.291  -47.473 2.0000000000
9125  5.352  66.252  -49.158 2.0000000000
9127  7.212  73.208  -48.831 2.0000000000
555  -27.805  -59.346  -0.555 2.0000000000
1223  -26.363  -61.220  4.763 2.0000000000
1224  -28.779  -57.003  2.804 2.0000000000
2305  -29.549  -57.050  -5.948 2.0000000000
3143  -28.085  -57.982  5.545 2.0000000000
5109  -24.541  -64.105  8.317 2.0000000000
5110  -27.065  -60.321  2.054 2.0000000000
6809  -25.627  -62.179  7.459 2.0000000000
6810  -26.817  -60.119  6.497 2.0000000000
6811  -27.558  -59.102  3.789 2.0000000000
6812  -28.214  -58.212  1.278 2.0000000000
9468  -29.974  -54.984  2.002 2.0000000000
9469  -29.380  -56.169  0.275 2.0000000000
9473  -28.608  -58.345  -3.370 2.0000000000
1266  27.059  -92.674  -2.756 2.0000000000
2361  26.296  -94.004  1.616 2.0000000000
2362  26.166  -97.615  -4.314 2.0000000000
3186  27.002  -90.999  0.084 2.0000000000
5258  26.248  -95.871  -1.175 2.0000000000
5259  25.537  -97.980  -1.935 2.0000000000
9638  26.252  -92.115  4.536 2.0000000000
9639  26.720  -91.532  2.365 2.0000000000
9640  26.747  -93.400  -0.385 2.0000000000
9641  26.733  -95.156  -3.282 2.0000000000
9644  25.966  -99.176  -7.179 2.0000000000
3287  -20.988  18.420  -71.545 2.0000000000
3884  -16.588  26.495  -69.867 2.0000000000
3885  -14.665  25.787  -70.715 2.0000000000
3886  -14.770  23.610  -71.771 2.0000000000
7057  -20.494  27.057  -67.223 2.0000000000
7933  -18.567  26.958  -68.650 2.0000000000
7936  -18.973  20.395  -71.899 2.0000000000
7937  -16.817  22.284  -71.946 2.0000000000
3101  -15.379  21.402  -17.921 2.0000000000
3102  -15.278  22.798  -19.421 2.0000000000
3104  -15.265  24.080  -21.217 2.0000000000
3105  -15.248  25.414  -23.072 2.0000000000
6733  -15.683  18.643  -14.939 2.0000000000
6734  -15.498  19.998  -16.304 2.0000000000
6743  -15.171  26.962  -25.036 2.0000000000
286  -23.434  -68.189  2.257 2.0000000000
3741  -24.157  -67.476  -0.370 2.0000000000
5988  -22.674  -68.971  4.934 2.0000000000
8325  -21.601  -68.673  12.314 2.0000000000
9459  -22.284  -68.192  9.838 2.0000000000
9460  -23.035  -67.478  7.140 2.0000000000
733  29.615  63.475  38.720 2.0000000000
5928  29.191  67.057  37.716 2.0000000000
5929  28.958  63.924  40.858 2.0000000000
7593  30.184  62.666  36.476 2.0000000000
2714  38.041  46.517  7.190 2.0000000000
2716  38.314  42.364  8.598 2.0000000000
9050  37.241  49.765  8.388 2.0000000000
83  -40.854  -27.051  -31.189 2.0000000000
970  -40.887  -27.712  -34.664 2.0000000000
1984  -41.328  -22.038  -38.532 2.0000000000
2890  -40.907  -27.160  -32.977 2.0000000000
8536  -41.170  -24.547  -34.913 2.0000000000
8537  -41.161  -24.820  -36.598 2.0000000000
280  -26.577  -10.427  -1.860 2.0000000000
1883  -22.524  -4.445  -5.145 2.0000000000
1903  -24.647  -5.650  -3.235 2.0000000000
3720  -27.860  -10.774  -0.664 2.0000000000
4139  -22.657  -2.595  -4.862 2.0000000000
4182  -23.880  -3.153  -3.921 2.0000000000
4183  -23.514  -5.140  -4.187 2.0000000000
8321  -25.547  -8.127  -2.551 2.0000000000
8322  -24.384  -7.479  -3.612 2.0000000000
8323  -23.349  -6.641  -4.672 2.0000000000
5340  28.836  -57.267  14.768 2.0000000000
5342  28.730  -56.546  12.468 2.0000000000
6948  27.734  -61.517  10.276 2.0000000000
6949  28.067  -58.982  10.159 2.0000000000
3003  12.012  62.413  45.251 2.0000000000
3005  13.985  64.492  45.148 2.0000000000
7545  10.159  60.530  45.181 2.0000000000
303  19.816  -96.833  8.565 2.0000000000
1699  16.364  -98.395  6.497 2.0000000000
7804  16.586  -96.535  9.440 2.0000000000
7805  18.157  -97.927  7.257 2.0000000000
6601  36.457  67.646  -7.757 2.0000000000
6602  37.006  63.973  -5.889 2.0000000000
1655  -38.668  -23.612  13.996 2.0000000000
3718  -39.048  -23.565  16.092 2.0000000000
3719  -38.856  -21.532  14.804 2.0000000000
9382  -38.268  -21.847  12.656 2.0000000000
9383  -38.109  -23.835  11.933 2.0000000000
3473  33.503  46.118  -42.404 2.0000000000
7359  32.319  47.643  -43.920 2.0000000000
4993  -21.360  17.403  -28.969 2.0000000000
9319  -22.508  13.635  -26.663 2.0000000000
9320  -22.717  15.449  -28.890 2.0000000000
428  17.968  45.194  -51.350 2.0000000000
8474  19.685  44.102  -50.876 2.0000000000
1228  -33.499  -51.363  -15.948 2.0000000000
6817  -32.639  -51.884  -11.707 2.0000000000
6818  -32.577  -52.702  -13.529 2.0000000000
2152  38.352  48.521  -32.640 2.0000000000
4748  38.713  49.929  -30.543 2.0000000000
374  -10.280  -13.331  57.118 2.0000000000
6156  -8.964  -9.139  57.983 2.0000000000
6157  -9.976  -10.289  57.301 2.0000000000
6158  -11.037  -11.320  56.466 2.0000000000
8676  -9.346  76.221  16.000 2.0000000000
8685  -7.632  78.212  16.043 2.0000000000
460  -10.644  67.742  22.726 2.0000000000
4464  -10.261  70.571  20.567 2.0000000000
2804  18.678  87.033  28.505 2.0000000000
8958  16.951  85.414  29.536 2.0000000000
1210  -32.805  -13.107  -13.954 2.0000000000
3130  -33.092  -11.313  -15.783 2.0000000000
7723  -31.502  -11.396  -14.015 2.0000000000
1716  28.655  -60.431  17.230 2.0000000000
7845  28.384  -63.342  17.406 2.0000000000
5073  -36.500  -16.590  -15.820 2.0000000000
5074  -36.427  -18.497  -14.087 2.0000000000
6790  -36.698  -14.759  -17.581 2.0000000000
5001  -13.974  32.791  -29.122 2.0000000000
9338  -13.150  35.645  -29.340 2.0000000000
3854  9.631  45.623  -52.513 2.0000000000
9870  9.807  41.731  -52.885 2.0000000000
1106  36.094  71.549  -13.022 2.0000000000
9314  -21.725  8.139  -20.333 2.0000000000
9315  -21.969  9.995  -22.379 2.0000000000
3233  38.618  15.868  15.197 2.0000000000
9027  38.588  55.642  -27.516 2.0000000000
1191  -11.382  55.444  -28.254 2.0000000000
6753  -10.838  55.693  -29.991 2.0000000000
7861  37.305  6.073  18.897 2.0000000000
422  35.043  40.334  20.745 2.0000000000
3089  -34.803  -9.083  -19.455 2.0000000000
3090  -35.054  -7.132  -21.231 2.0000000000
7704  -30.754  -11.494  1.896 2.0000000000
8315  -31.554  -9.447  2.363 2.0000000000
4301  23.118  46.638  -49.944 2.0000000000
5935  -3.463  93.825  -34.549 2.0000000000
4731  29.322  46.746  50.110 2.0000000000
2036  -7.436  71.804  22.993 2.0000000000
7715  -33.179  -20.979  -5.450 2.0000000000
7716  -31.783  -19.165  -5.608 2.0000000000
2275  -33.564  -19.394  4.072 2.0000000000
9389  -34.673  -21.300  5.087 2.0000000000
1988  -38.906  -9.105  -54.087 2.0000000000
3649  -4.651  89.120  -37.484 2.0000000000
9867  14.540  42.938  -52.004 2.0000000000
3823  27.272  -67.099  10.531 2.0000000000
9705  28.508  -40.033  44.609 2.0000000000
419  28.408  -43.200  47.940 2.0000000000
608  -38.449  7.455  -49.991 2.0000000000
4995  -19.993  21.370  -31.319 2.0000000000
7734  -25.959  -65.366  -5.667 2.0000000000
3190  18.827  -102.407  -0.798 2.0000000000
5009  -11.729  41.803  -30.013 2.0000000000
9481  -32.395  -54.798  -17.017 2.0000000000
5253  23.675  -98.375  2.265 2.0000000000
6005  -17.493  -72.436  17.937 2.0000000000
3108  -11.986  48.272  -24.674 2.0000000000
2695  -19.767  -70.650  15.251 2.0000000000
6854  -10.169  -77.238  20.023 2.0000000000
6749  -11.447  46.704  -27.250 2.0000000000
2311  -38.936  -37.631  -26.385 2.0000000000
9493  -40.090  -32.327  -28.829 2.0000000000
3482  -10.256  44.764  -37.677 2.0000000000
4225  -21.755  -63.588  22.502 2.0000000000
4972  -20.099  0.265  -7.618 2.0000000000
4973  -20.448  -1.321  -8.159 2.0000000000
7374  -9.749  43.959  -41.310 2.0000000000
6717  -34.292  -3.653  -23.088 2.0000000000
5014  -10.062  53.430  -32.454 2.0000000000
4021  -7.415  -16.145  59.359 2.0000000000
373  -2.356  -16.311  63.068 2.0000000000
7378  -6.908  43.543  -48.345 2.0000000000
2052  -24.939  -8.576  40.991 2.0000000000
4978  -19.824  3.833  -13.398 2.0000000000
4017  -4.991  -10.626  60.999 2.0000000000
3437  -31.536  -43.929  28.694 2.0000000000
5839  -41.263  -12.024  -32.598 2.0000000000
9306  -16.819  12.579  -12.040 2.0000000000
6730  -17.812  7.961  -10.502 2.0000000000
6728  -18.854  3.984  -9.094 2.0000000000
