#!ascii label , from subject fsaverage5 vox2ras=TkReg
545
80  -13.316  36.364  -35.585 3.0000000000
82  -6.723  41.992  -50.233 3.0000000000
201  -11.051  40.145  -43.729 3.0000000000
536  -18.008  7.659  -12.467 3.0000000000
537  -18.056  13.803  -18.963 3.0000000000
538  -18.625  20.254  -27.019 3.0000000000
960  -15.576  31.472  -35.688 3.0000000000
962  -14.810  34.042  -40.268 3.0000000000
963  -9.175  41.434  -47.086 3.0000000000
964  -11.662  37.876  -48.197 3.0000000000
965  -9.322  38.728  -51.628 3.0000000000
1178  -18.463  5.150  -10.052 3.0000000000
1181  -16.230  16.608  -15.998 3.0000000000
1182  -16.190  19.446  -19.333 3.0000000000
1183  -18.340  16.930  -22.738 3.0000000000
1184  -16.212  22.464  -23.037 3.0000000000
1185  -16.181  25.546  -27.060 3.0000000000
1189  -11.580  49.105  -26.374 3.0000000000
1190  -10.789  50.361  -29.872 3.0000000000
1512  -11.488  41.543  -35.498 3.0000000000
1513  -12.388  38.535  -39.678 3.0000000000
1514  -10.439  43.210  -39.475 3.0000000000
1973  -13.582  36.125  -44.330 3.0000000000
2246  -20.105  -0.186  -9.314 3.0000000000
2247  -19.788  2.472  -11.942 3.0000000000
2248  -19.886  5.478  -15.039 3.0000000000
2249  -16.545  13.871  -13.205 3.0000000000
2250  -17.880  10.740  -15.519 3.0000000000
2251  -20.310  8.561  -18.545 3.0000000000
2252  -20.656  12.235  -22.516 3.0000000000
2253  -21.097  15.704  -26.687 3.0000000000
2255  -18.596  23.716  -31.447 3.0000000000
2256  -16.010  28.639  -31.392 3.0000000000
2257  -13.850  33.982  -31.406 3.0000000000
2260  -12.161  39.633  -31.682 3.0000000000
2261  -10.877  45.557  -32.174 3.0000000000
2262  -9.942  51.028  -33.450 3.0000000000
2880  -14.433  33.811  -35.727 3.0000000000
2881  -15.271  32.762  -37.992 3.0000000000
2882  -14.087  34.980  -37.828 3.0000000000
2883  -8.031  41.745  -48.789 3.0000000000
2884  -9.163  40.096  -49.378 3.0000000000
2885  -7.974  40.239  -50.976 3.0000000000
2886  -7.992  38.897  -52.979 3.0000000000
2887  -6.601  40.394  -52.201 3.0000000000
3103  -16.167  21.002  -21.079 3.0000000000
3107  -12.412  50.860  -23.852 3.0000000000
3109  -11.925  51.695  -25.551 3.0000000000
3110  -11.474  52.197  -27.179 3.0000000000
3111  -11.900  54.911  -26.571 3.0000000000
3480  -10.703  44.231  -35.751 3.0000000000
3481  -11.056  42.304  -37.520 3.0000000000
4328  -11.752  39.465  -41.733 3.0000000000
4329  -12.988  37.199  -41.911 3.0000000000
4330  -12.314  38.026  -44.004 3.0000000000
4974  -19.574  1.341  -8.623 3.0000000000
4975  -18.188  6.367  -11.236 3.0000000000
4976  -18.939  3.784  -10.904 3.0000000000
4977  -18.899  4.936  -12.302 3.0000000000
4979  -18.781  6.473  -13.627 3.0000000000
4983  -17.023  14.999  -17.323 3.0000000000
4984  -17.029  13.557  -15.775 3.0000000000
4985  -18.022  12.057  -17.191 3.0000000000
4986  -18.992  9.394  -16.877 3.0000000000
4987  -19.099  11.037  -18.609 3.0000000000
4988  -20.485  10.297  -20.415 3.0000000000
4989  -19.350  12.591  -20.555 3.0000000000
4990  -18.468  18.599  -24.796 3.0000000000
4991  -19.697  16.090  -24.652 3.0000000000
4992  -19.824  17.915  -26.830 3.0000000000
4994  -19.994  19.658  -29.158 3.0000000000
4996  -18.648  21.964  -29.180 3.0000000000
4997  -15.141  28.376  -27.198 3.0000000000
4998  -16.102  27.150  -29.202 3.0000000000
4999  -14.988  29.965  -29.308 3.0000000000
5000  -14.826  31.344  -31.318 3.0000000000
5008  -12.384  38.709  -29.627 3.0000000000
5010  -11.445  42.642  -31.962 3.0000000000
5011  -11.182  44.964  -30.372 3.0000000000
5012  -10.539  53.084  -30.710 3.0000000000
5013  -10.362  50.750  -31.731 3.0000000000
6336  -16.868  29.212  -35.896 3.0000000000
6338  -16.581  30.561  -38.049 3.0000000000
6341  -10.150  40.911  -45.421 3.0000000000
6342  -11.385  38.885  -45.963 3.0000000000
6343  -10.302  39.629  -47.729 3.0000000000
6344  -10.536  38.438  -49.949 3.0000000000
6731  -17.461  9.356  -11.584 3.0000000000
6735  -16.111  18.263  -17.576 3.0000000000
6736  -17.057  16.529  -19.038 3.0000000000
6737  -18.243  15.250  -20.823 3.0000000000
6738  -17.180  17.908  -20.853 3.0000000000
6739  -17.226  19.573  -22.791 3.0000000000
6740  -17.296  21.223  -24.885 3.0000000000
6741  -17.383  22.796  -27.067 3.0000000000
6742  -16.222  23.985  -25.036 3.0000000000
6750  -11.111  47.229  -29.076 3.0000000000
6751  -11.189  49.643  -28.106 3.0000000000
6752  -11.029  52.672  -28.855 3.0000000000
7368  -12.318  38.993  -35.640 3.0000000000
7369  -12.943  37.409  -37.630 3.0000000000
7370  -11.901  39.956  -37.528 3.0000000000
7371  -11.385  40.810  -39.515 3.0000000000
7372  -10.721  41.648  -41.437 3.0000000000
7375  -9.956  42.354  -43.272 3.0000000000
7376  -9.129  42.857  -44.976 3.0000000000
7377  -8.042  43.408  -46.660 3.0000000000
8507  -13.557  36.206  -39.879 3.0000000000
8508  -14.224  35.186  -42.275 3.0000000000
8510  -12.722  37.019  -46.478 3.0000000000
9299  -19.229  2.401  -9.720 3.0000000000
9300  -19.854  1.189  -10.597 3.0000000000
9307  -17.265  10.547  -12.837 3.0000000000
9308  -16.345  15.245  -14.527 3.0000000000
9309  -17.053  12.201  -14.221 3.0000000000
9310  -17.912  9.190  -13.990 3.0000000000
9311  -18.882  7.852  -15.209 3.0000000000
9312  -20.043  7.115  -16.792 3.0000000000
9316  -22.254  11.829  -24.515 3.0000000000
9317  -19.458  14.379  -22.489 3.0000000000
9318  -20.883  13.899  -24.494 3.0000000000
9325  -18.501  25.371  -33.762 3.0000000000
9326  -17.316  24.416  -29.046 3.0000000000
9327  -17.225  26.036  -31.202 3.0000000000
9328  -17.097  27.643  -33.544 3.0000000000
9329  -15.892  29.970  -33.542 3.0000000000
9330  -14.703  32.543  -33.552 3.0000000000
9331  -13.624  35.213  -33.607 3.0000000000
9339  -12.922  36.854  -31.383 3.0000000000
9340  -12.702  37.821  -33.564 3.0000000000
9341  -11.858  40.619  -33.569 3.0000000000
9342  -11.093  43.566  -33.794 3.0000000000
9343  -10.469  46.258  -34.203 3.0000000000
9344  -10.734  47.956  -30.978 3.0000000000
9345  -10.360  48.356  -32.863 3.0000000000
9346  -9.926  48.920  -34.657 3.0000000000
65  -29.929  -54.890  6.585 3.0000000000
132  -26.911  -64.305  -8.373 3.0000000000
295  -16.963  -69.923  22.262 3.0000000000
296  -10.728  -74.967  22.278 3.0000000000
404  -22.526  -63.819  20.231 3.0000000000
405  -25.110  -62.665  10.161 3.0000000000
556  -31.479  -54.424  -11.121 3.0000000000
775  -18.903  -70.664  17.690 3.0000000000
1221  -29.038  -61.590  -13.454 3.0000000000
1222  -27.523  -58.705  8.216 3.0000000000
1685  -13.954  -72.549  22.552 3.0000000000
1904  -21.458  -67.181  16.689 3.0000000000
1905  -22.731  -66.724  11.761 3.0000000000
1906  -23.880  -63.641  15.283 3.0000000000
1907  -26.407  -59.871  13.627 3.0000000000
1908  -28.840  -56.290  11.958 3.0000000000
1923  -17.949  -65.823  25.600 3.0000000000
1924  -19.899  -66.785  21.581 3.0000000000
2301  -24.116  -65.417  6.377 3.0000000000
2302  -25.524  -63.851  0.951 3.0000000000
2303  -27.224  -61.765  -4.371 3.0000000000
2306  -29.251  -59.190  -9.705 3.0000000000
2307  -31.318  -56.414  -14.626 3.0000000000
3141  -27.958  -62.920  -10.810 3.0000000000
3142  -28.755  -56.730  7.434 3.0000000000
3144  -29.270  -56.034  4.647 3.0000000000
3767  -15.575  -71.141  22.523 3.0000000000
4184  -22.034  -65.472  18.414 3.0000000000
4185  -22.730  -65.338  16.004 3.0000000000
4186  -23.336  -63.693  17.749 3.0000000000
4190  -27.599  -58.124  12.696 3.0000000000
4226  -20.363  -65.022  23.148 3.0000000000
4227  -21.264  -65.342  20.835 3.0000000000
4228  -20.704  -67.102  19.230 3.0000000000
5107  -23.952  -64.636  10.970 3.0000000000
5108  -23.399  -66.159  9.167 3.0000000000
5111  -25.982  -62.377  2.787 3.0000000000
5112  -26.652  -61.633  0.028 3.0000000000
5113  -26.343  -62.820  -1.651 3.0000000000
5114  -27.469  -60.545  -2.436 3.0000000000
5120  -30.499  -55.755  -8.502 3.0000000000
5121  -29.269  -58.286  -7.686 3.0000000000
5122  -30.337  -56.810  -10.267 3.0000000000
5123  -30.294  -57.761  -12.108 3.0000000000
5124  -31.434  -55.294  -12.920 3.0000000000
5126  -33.442  -52.254  -17.568 3.0000000000
5185  -9.662  -73.501  24.407 3.0000000000
6003  -17.982  -70.385  20.065 3.0000000000
6004  -16.491  -72.005  20.272 3.0000000000
6808  -26.248  -60.789  9.168 3.0000000000
6855  -9.114  -75.872  22.186 3.0000000000
7735  -31.165  -52.953  5.780 3.0000000000
7736  -30.516  -54.011  3.893 3.0000000000
7771  -12.280  -73.682  22.656 3.0000000000
7772  -14.974  -73.364  20.522 3.0000000000
7773  -13.475  -74.758  20.394 3.0000000000
7774  -11.902  -75.972  20.296 3.0000000000
8324  -20.998  -68.804  14.748 3.0000000000
8326  -22.154  -66.999  14.160 3.0000000000
8327  -23.354  -65.102  13.378 3.0000000000
8328  -24.536  -63.171  12.725 3.0000000000
8329  -24.568  -62.007  16.988 3.0000000000
8330  -25.131  -61.759  14.522 3.0000000000
8331  -25.754  -61.251  11.781 3.0000000000
8332  -26.945  -59.393  10.839 3.0000000000
8333  -28.129  -57.544  10.193 3.0000000000
8334  -29.342  -55.699  9.308 3.0000000000
8342  -30.098  -54.461  10.927 3.0000000000
8343  -30.649  -53.720  8.374 3.0000000000
8375  -17.464  -67.948  23.917 3.0000000000
8376  -19.491  -64.459  25.145 3.0000000000
8377  -18.917  -66.481  23.648 3.0000000000
8378  -18.504  -68.379  21.908 3.0000000000
8379  -19.442  -68.696  19.652 3.0000000000
8380  -20.247  -68.886  17.221 3.0000000000
9461  -23.761  -66.743  4.371 3.0000000000
9462  -25.232  -63.334  5.455 3.0000000000
9463  -24.872  -64.541  3.573 3.0000000000
9464  -24.436  -66.085  1.665 3.0000000000
9465  -25.268  -65.114  -1.085 3.0000000000
9466  -26.112  -64.086  -3.596 3.0000000000
9467  -27.000  -63.088  -6.257 3.0000000000
9474  -28.357  -59.438  -5.130 3.0000000000
9475  -28.185  -60.604  -7.107 3.0000000000
9476  -28.015  -61.778  -8.789 3.0000000000
9477  -29.102  -60.414  -11.476 3.0000000000
9478  -30.171  -58.983  -13.922 3.0000000000
9480  -32.425  -53.816  -15.162 3.0000000000
23  37.488  45.567  10.075 3.0000000000
75  37.624  10.544  18.289 3.0000000000
423  38.069  28.118  15.078 3.0000000000
424  35.086  22.958  24.229 3.0000000000
945  35.155  31.607  22.758 3.0000000000
1312  38.016  19.480  16.780 3.0000000000
1946  36.269  43.148  15.660 3.0000000000
1947  37.893  36.896  12.807 3.0000000000
1948  36.628  34.670  17.694 3.0000000000
1949  36.640  25.994  19.744 3.0000000000
1950  36.408  17.353  21.344 3.0000000000
1953  35.891  8.304  22.595 3.0000000000
3232  37.860  15.051  17.577 3.0000000000
4274  35.686  41.517  18.245 3.0000000000
4275  36.505  38.991  16.592 3.0000000000
4276  35.843  37.308  19.241 3.0000000000
4277  35.118  27.412  23.611 3.0000000000
4278  35.860  29.046  21.317 3.0000000000
4279  35.843  24.493  22.105 3.0000000000
4280  36.587  21.537  20.524 3.0000000000
4281  35.752  20.044  22.801 3.0000000000
5377  38.015  32.519  13.991 3.0000000000
5378  38.661  33.481  11.356 3.0000000000
5379  38.744  29.074  12.525 3.0000000000
6309  35.169  35.892  21.696 3.0000000000
6970  38.096  23.617  15.946 3.0000000000
6971  38.775  24.814  13.482 3.0000000000
6972  38.769  20.191  14.288 3.0000000000
8438  36.927  44.211  12.897 3.0000000000
8439  37.737  41.125  11.494 3.0000000000
8440  37.127  40.030  14.138 3.0000000000
8441  37.279  35.695  15.328 3.0000000000
8442  37.368  31.484  16.387 3.0000000000
8443  35.906  33.239  20.237 3.0000000000
8444  36.644  30.359  18.829 3.0000000000
8445  37.415  26.994  17.345 3.0000000000
8446  37.375  22.578  18.248 3.0000000000
8447  37.243  18.451  19.086 3.0000000000
8448  37.012  13.973  19.938 3.0000000000
8454  34.968  18.708  24.808 3.0000000000
8455  35.578  15.728  23.446 3.0000000000
8456  36.209  12.785  21.964 3.0000000000
8457  36.744  9.485  20.586 3.0000000000
8458  36.451  5.077  21.003 3.0000000000
9077  36.670  48.639  11.408 3.0000000000
9078  36.104  47.198  14.301 3.0000000000
9079  35.473  45.977  17.098 3.0000000000
9784  38.509  37.995  10.041 3.0000000000
10  -40.821  -9.412  -30.365 3.0000000000
203  -41.313  -16.522  -31.491 3.0000000000
204  -41.503  -16.346  -38.410 3.0000000000
558  -38.937  -36.600  -22.969 3.0000000000
559  -40.656  -25.934  -24.457 3.0000000000
683  -41.175  -12.365  -31.038 3.0000000000
1233  -39.981  -30.398  -20.524 3.0000000000
1517  -41.228  -21.501  -31.502 3.0000000000
1518  -41.324  -21.847  -34.828 3.0000000000
1519  -41.431  -16.313  -34.824 3.0000000000
2289  -40.730  -12.593  -27.971 3.0000000000
2312  -40.042  -32.103  -27.180 3.0000000000
2314  -40.045  -31.139  -23.939 3.0000000000
2315  -40.771  -26.527  -27.838 3.0000000000
2316  -41.081  -21.366  -28.067 3.0000000000
2317  -41.086  -16.556  -28.264 3.0000000000
2603  -41.007  -10.615  -30.674 3.0000000000
3488  -41.294  -18.936  -31.471 3.0000000000
3489  -41.357  -19.011  -33.150 3.0000000000
3490  -41.377  -16.582  -33.173 3.0000000000
4351  -41.450  -19.091  -36.618 3.0000000000
4352  -41.362  -21.672  -36.747 3.0000000000
4353  -41.463  -18.902  -38.638 3.0000000000
5134  -38.920  -37.184  -24.736 3.0000000000
5135  -39.537  -34.845  -26.776 3.0000000000
5136  -39.518  -34.412  -24.995 3.0000000000
5140  -40.355  -28.222  -22.658 3.0000000000
5141  -39.999  -30.929  -22.254 3.0000000000
5142  -40.411  -28.516  -24.288 3.0000000000
5143  -40.461  -28.759  -26.014 3.0000000000
5144  -40.727  -26.183  -26.185 3.0000000000
5145  -40.970  -23.899  -28.046 3.0000000000
5146  -40.887  -23.862  -26.322 3.0000000000
5150  -40.946  -14.630  -28.028 3.0000000000
5837  -41.272  -14.235  -31.343 3.0000000000
5838  -41.348  -14.324  -32.913 3.0000000000
6827  -39.543  -32.590  -18.406 3.0000000000
7379  -41.090  -24.183  -31.442 3.0000000000
7380  -41.138  -24.356  -33.102 3.0000000000
7381  -41.287  -21.572  -33.202 3.0000000000
7382  -41.409  -19.087  -34.842 3.0000000000
7383  -41.479  -16.275  -36.613 3.0000000000
9267  -40.539  -9.258  -29.305 3.0000000000
9428  -40.408  -10.783  -27.831 3.0000000000
9429  -40.787  -10.746  -29.304 3.0000000000
9494  -40.512  -29.489  -29.293 3.0000000000
9497  -38.946  -36.136  -21.255 3.0000000000
9498  -39.584  -32.870  -20.253 3.0000000000
9499  -39.569  -33.356  -21.870 3.0000000000
9500  -39.542  -33.872  -23.399 3.0000000000
9501  -40.058  -31.523  -25.543 3.0000000000
9502  -40.457  -29.321  -27.540 3.0000000000
9503  -40.805  -26.874  -29.494 3.0000000000
9504  -41.019  -24.232  -29.650 3.0000000000
9505  -41.152  -21.627  -29.722 3.0000000000
9506  -41.221  -18.998  -29.815 3.0000000000
9508  -41.129  -18.813  -28.263 3.0000000000
9509  -41.227  -16.526  -29.895 3.0000000000
9510  -41.153  -14.373  -29.747 3.0000000000
9511  -41.000  -12.494  -29.466 3.0000000000
123  -33.306  -9.365  -17.583 3.0000000000
269  -26.965  -9.586  -10.783 3.0000000000
270  -28.051  -2.864  -17.768 3.0000000000
283  -32.723  -16.633  -10.516 3.0000000000
1171  -33.977  -5.479  -21.325 3.0000000000
1211  -35.319  -16.671  -14.002 3.0000000000
1637  -30.158  -9.835  -13.978 3.0000000000
1638  -30.686  -6.005  -17.665 3.0000000000
1639  -27.336  -6.434  -14.072 3.0000000000
1661  -32.872  -19.580  -7.132 3.0000000000
1662  -30.063  -16.036  -7.440 3.0000000000
1663  -29.922  -13.097  -10.700 3.0000000000
2240  -31.439  -2.270  -21.386 3.0000000000
2284  -35.201  -20.235  -10.359 3.0000000000
3091  -33.613  -7.367  -19.472 3.0000000000
3689  -28.577  -9.855  -12.322 3.0000000000
3690  -28.816  -8.102  -14.119 3.0000000000
3691  -27.189  -8.111  -12.436 3.0000000000
3730  -27.078  -11.225  -9.183 3.0000000000
3731  -28.441  -12.885  -9.099 3.0000000000
3732  -28.410  -11.416  -10.640 3.0000000000
3733  -29.945  -11.506  -12.265 3.0000000000
4957  -29.405  -4.546  -17.643 3.0000000000
4958  -31.078  -4.154  -19.525 3.0000000000
4959  -29.684  -2.558  -19.530 3.0000000000
5070  -32.794  -18.247  -8.793 3.0000000000
5071  -34.138  -20.119  -8.662 3.0000000000
5072  -33.996  -18.431  -10.395 3.0000000000
6719  -28.347  -1.046  -19.557 3.0000000000
6786  -32.805  -14.993  -12.250 3.0000000000
6787  -34.098  -16.714  -12.277 3.0000000000
6788  -34.128  -14.861  -14.007 3.0000000000
6789  -35.400  -14.734  -15.759 3.0000000000
7661  -31.672  -9.634  -15.678 3.0000000000
7662  -32.055  -7.691  -17.638 3.0000000000
7663  -30.376  -7.866  -15.852 3.0000000000
7664  -28.893  -6.232  -15.770 3.0000000000
7665  -27.627  -4.576  -15.937 3.0000000000
7666  -25.778  -6.322  -12.526 3.0000000000
7717  -31.500  -17.857  -7.213 3.0000000000
7718  -31.396  -16.406  -8.955 3.0000000000
7719  -28.619  -14.260  -7.618 3.0000000000
7720  -29.920  -14.550  -9.130 3.0000000000
7721  -31.348  -14.773  -10.691 3.0000000000
7722  -31.403  -13.152  -12.336 3.0000000000
9278  -32.436  -5.764  -19.542 3.0000000000
9279  -32.788  -3.821  -21.429 3.0000000000
9280  -33.114  -1.812  -23.368 3.0000000000
9281  -30.182  -0.602  -21.601 3.0000000000
9412  -34.216  -21.525  -6.877 3.0000000000
9413  -35.224  -21.813  -8.526 3.0000000000
9415  -35.294  -18.550  -12.235 3.0000000000
9416  -36.306  -20.332  -12.181 3.0000000000
575  24.625  -98.461  0.071 3.0000000000
1270  19.343  -100.675  2.304 3.0000000000
1271  22.517  -98.161  4.345 3.0000000000
1272  22.053  -101.781  -1.905 3.0000000000
1273  24.234  -101.703  -6.163 3.0000000000
3191  20.710  -101.385  0.227 3.0000000000
3192  20.254  -102.991  -2.768 3.0000000000
3193  21.688  -103.301  -4.961 3.0000000000
5260  23.734  -103.189  -9.288 3.0000000000
5261  25.044  -101.222  -8.113 3.0000000000
6894  19.646  -98.728  5.569 3.0000000000
6895  21.270  -97.696  6.336 3.0000000000
6896  20.993  -99.488  3.509 3.0000000000
6897  22.242  -100.095  1.229 3.0000000000
6898  23.508  -100.173  -0.813 3.0000000000
6899  24.547  -100.053  -3.000 3.0000000000
6900  23.286  -101.731  -3.792 3.0000000000
6901  22.904  -103.242  -6.957 3.0000000000
7806  17.814  -99.693  4.371 3.0000000000
9643  25.300  -99.780  -5.046 3.0000000000
48  -6.936  -21.425  58.772 3.0000000000
861  -8.182  -11.029  58.769 3.0000000000
1045  -3.108  -23.139  61.768 3.0000000000
1827  -4.608  -18.862  61.311 3.0000000000
1828  -4.097  -12.471  61.771 3.0000000000
1829  -6.380  -14.853  60.242 3.0000000000
1830  -8.609  -17.311  58.185 3.0000000000
2965  -5.071  -22.163  60.300 3.0000000000
4013  -2.604  -19.648  62.731 3.0000000000
4018  -9.207  -12.265  58.030 3.0000000000
4019  -7.307  -12.920  59.532 3.0000000000
4020  -8.319  -14.156  58.742 3.0000000000
6155  -7.027  -9.892  59.507 3.0000000000
6487  -1.145  -23.856  63.215 3.0000000000
8107  -1.739  -21.749  63.112 3.0000000000
8108  -3.771  -21.090  61.641 3.0000000000
8109  -5.732  -20.202  60.175 3.0000000000
8112  -3.126  -14.314  62.521 3.0000000000
8113  -6.182  -11.820  60.295 3.0000000000
8114  -5.246  -13.766  61.060 3.0000000000
8115  -4.341  -15.598  61.715 3.0000000000
8116  -5.450  -16.852  60.853 3.0000000000
8117  -6.695  -18.207  59.712 3.0000000000
8118  -7.642  -19.408  58.645 3.0000000000
1141  26.110  75.875  -47.629 3.0000000000
2201  27.461  66.966  -48.124 3.0000000000
3061  25.998  83.191  -45.542 3.0000000000
4863  27.890  74.709  -46.661 3.0000000000
4864  26.971  71.600  -47.885 3.0000000000
4865  28.600  70.308  -46.902 3.0000000000
4866  29.129  65.878  -46.993 3.0000000000
6661  24.235  76.564  -48.402 3.0000000000
6662  25.147  79.892  -47.166 3.0000000000
6663  27.003  79.201  -46.179 3.0000000000
9163  25.132  72.711  -48.703 3.0000000000
9164  25.787  68.409  -48.925 3.0000000000
257  -1.486  93.431  -36.870 3.0000000000
1134  5.247  100.621  -33.546 3.0000000000
1614  -2.726  88.357  -39.568 3.0000000000
3648  -4.080  91.518  -36.203 3.0000000000
3650  -2.303  91.008  -38.194 3.0000000000
3651  -0.423  89.877  -40.334 3.0000000000
3652  0.176  92.401  -39.036 3.0000000000
4842  4.478  98.679  -35.762 3.0000000000
6648  3.397  100.948  -31.171 3.0000000000
9136  2.598  99.220  -33.461 3.0000000000
9137  1.757  97.198  -35.541 3.0000000000
9138  1.004  95.031  -37.347 3.0000000000
299  27.412  -70.543  13.062 3.0000000000
313  28.314  -59.392  12.525 3.0000000000
1717  27.729  -64.946  12.663 3.0000000000
3779  27.142  -69.894  10.634 3.0000000000
3781  27.071  -72.614  10.744 3.0000000000
3820  27.807  -68.160  15.378 3.0000000000
3821  27.989  -65.488  15.224 3.0000000000
3822  27.575  -67.670  13.002 3.0000000000
6011  27.634  -70.922  15.590 3.0000000000
6012  27.299  -73.083  13.181 3.0000000000
7844  28.490  -59.935  14.786 3.0000000000
7846  28.192  -62.739  14.842 3.0000000000
7847  27.955  -62.248  12.461 3.0000000000
66  -35.787  -43.277  20.052 3.0000000000
186  -32.758  -42.376  28.029 3.0000000000
917  -33.552  -46.973  21.596 3.0000000000
1487  -32.107  -46.425  25.913 3.0000000000
1488  -34.483  -43.068  24.458 3.0000000000
2264  -34.890  -38.909  26.624 3.0000000000
2837  -34.753  -45.047  20.928 3.0000000000
3439  -32.557  -44.376  26.976 3.0000000000
3440  -33.341  -44.922  25.067 3.0000000000
3441  -33.727  -42.718  26.292 3.0000000000
5023  -35.791  -39.068  24.779 3.0000000000
7312  -32.882  -46.809  23.819 3.0000000000
7313  -34.058  -45.098  23.132 3.0000000000
7314  -35.191  -43.269  22.313 3.0000000000
9354  -33.835  -40.679  27.420 3.0000000000
9355  -34.779  -40.954  25.613 3.0000000000
9356  -35.521  -41.272  23.663 3.0000000000
9357  -36.144  -41.502  21.503 3.0000000000
222  -26.233  -11.452  39.162 3.0000000000
700  -21.321  -17.175  43.168 3.0000000000
701  -24.277  -15.779  40.298 3.0000000000
702  -23.183  -12.931  42.420 3.0000000000
1550  -29.405  -10.144  35.805 3.0000000000
1814  -21.934  -10.286  44.512 3.0000000000
2620  -20.723  -15.877  44.480 3.0000000000
2621  -22.293  -15.085  42.830 3.0000000000
2622  -21.640  -13.816  44.073 3.0000000000
3538  -25.308  -13.501  39.804 3.0000000000
3542  -27.824  -10.783  37.480 3.0000000000
4504  -23.416  -9.501  42.768 3.0000000000
5868  -22.748  -16.666  41.688 3.0000000000
5869  -23.792  -14.275  41.313 3.0000000000
5870  -24.734  -12.087  40.767 3.0000000000
8072  -21.075  -12.423  45.177 3.0000000000
8724  -22.487  -11.735  43.560 3.0000000000
8725  -24.071  -10.826  41.786 3.0000000000
8726  -25.621  -9.999  40.057 3.0000000000
127  -38.436  -27.690  12.107 3.0000000000
278  -38.888  -27.122  20.653 3.0000000000
1195  -39.034  -27.726  16.484 3.0000000000
3115  -38.810  -27.611  14.270 3.0000000000
6759  -39.066  -27.432  18.479 3.0000000000
6761  -38.989  -29.787  17.621 3.0000000000
7701  -39.122  -25.490  17.340 3.0000000000
7702  -38.907  -25.670  15.152 3.0000000000
7703  -38.502  -25.622  13.015 3.0000000000
9384  -37.967  -25.831  10.920 3.0000000000
109  13.464  60.685  47.225 3.0000000000
3007  15.354  62.609  47.131 3.0000000000
7546  11.560  58.692  47.189 3.0000000000
8985  14.713  58.655  49.153 3.0000000000
2281  -38.250  -31.661  -5.295 3.0000000000
2691  -38.085  -37.163  -2.185 3.0000000000
5063  -38.197  -32.941  -3.233 3.0000000000
5064  -37.906  -30.910  -3.669 3.0000000000
9403  -38.258  -35.074  -2.729 3.0000000000
9404  -38.384  -33.812  -4.858 3.0000000000
9406  -37.888  -29.509  -5.795 3.0000000000
2276  -35.640  -23.295  5.939 3.0000000000
5050  -32.412  -18.944  2.445 3.0000000000
5052  -34.713  -22.859  4.078 3.0000000000
5053  -35.772  -24.814  4.990 3.0000000000
5054  -36.547  -25.304  6.851 3.0000000000
9388  -33.552  -20.864  3.219 3.0000000000
1983  -40.181  -29.017  -41.892 3.0000000000
8535  -39.748  -29.050  -43.860 3.0000000000
8543  -40.316  -25.812  -43.959 3.0000000000
465  -30.144  -25.637  33.421 3.0000000000
4483  -29.111  -27.896  33.809 3.0000000000
4485  -30.668  -27.752  32.855 3.0000000000
4487  -31.762  -25.726  32.268 3.0000000000
195  32.203  16.492  31.776 3.0000000000
4282  32.389  20.457  31.463 3.0000000000
6232  -26.888  24.216  -7.750 3.0000000000
6233  -25.510  22.065  -7.849 3.0000000000
6429  -1.977  77.934  22.631 3.0000000000
2058  -36.622  -4.767  26.489 3.0000000000
6538  26.354  -29.123  67.835 3.0000000000
412  -19.078  -61.390  28.371 3.0000000000
