#!ascii label , from subject fsaverage5 vox2ras=TkReg
899
15  -20.135  -14.550  45.743 3.0000000000
98  -35.962  -26.133  28.038 3.0000000000
99  -32.352  -9.350  32.580 3.0000000000
104  -12.283  -32.458  44.987 3.0000000000
127  -38.436  -27.690  12.107 3.0000000000
222  -26.233  -11.452  39.162 3.0000000000
232  -16.291  -23.333  46.117 3.0000000000
278  -38.888  -27.122  20.653 3.0000000000
281  -31.324  -18.533  0.789 3.0000000000
465  -30.144  -25.637  33.421 3.0000000000
467  -37.650  -8.906  25.392 3.0000000000
541  -36.693  -35.223  24.838 3.0000000000
542  -38.527  -35.706  16.404 3.0000000000
545  -35.925  -26.097  3.683 3.0000000000
700  -21.321  -17.175  43.168 3.0000000000
701  -24.277  -15.779  40.298 3.0000000000
702  -23.183  -12.931  42.420 3.0000000000
710  -17.121  -16.256  49.023 3.0000000000
712  -18.238  -19.014  46.208 3.0000000000
713  -19.123  -21.826  43.384 3.0000000000
1016  -28.037  -30.011  34.150 3.0000000000
1017  -26.960  -26.026  35.306 3.0000000000
1019  -31.573  -17.355  33.193 3.0000000000
1020  -33.612  -13.210  31.295 3.0000000000
1021  -36.243  -12.853  28.019 3.0000000000
1022  -35.253  -8.810  29.039 3.0000000000
1048  -11.343  -29.595  48.655 3.0000000000
1192  -34.112  -30.241  29.792 3.0000000000
1194  -36.447  -30.660  26.656 3.0000000000
1195  -39.034  -27.726  16.484 3.0000000000
1196  -38.794  -31.711  18.778 3.0000000000
1197  -38.859  -31.604  14.351 3.0000000000
1199  -38.362  -31.119  9.847 3.0000000000
1204  -33.794  -22.282  2.293 3.0000000000
1547  -26.140  -22.290  36.632 3.0000000000
1548  -25.250  -18.900  38.315 3.0000000000
1550  -29.405  -10.144  35.805 3.0000000000
1568  -14.243  -27.811  45.684 3.0000000000
1570  -16.989  -26.190  43.177 3.0000000000
1652  -37.864  -26.530  24.575 3.0000000000
1655  -38.668  -23.612  13.996 3.0000000000
2044  -31.221  -29.854  32.279 3.0000000000
2046  -29.382  -21.724  34.455 3.0000000000
2047  -32.526  -21.385  32.033 3.0000000000
2057  -33.996  -5.146  30.192 3.0000000000
2264  -34.890  -38.909  26.624 3.0000000000
2265  -36.414  -39.539  22.798 3.0000000000
2266  -38.058  -31.188  22.824 3.0000000000
2267  -37.967  -35.535  20.753 3.0000000000
2268  -37.494  -39.451  18.311 3.0000000000
2276  -35.640  -23.295  5.939 3.0000000000
2277  -37.296  -27.150  7.830 3.0000000000
2620  -20.723  -15.877  44.480 3.0000000000
2621  -22.293  -15.085  42.830 3.0000000000
2622  -21.640  -13.816  44.073 3.0000000000
2631  -17.767  -17.590  47.587 3.0000000000
2632  -19.289  -16.730  45.972 3.0000000000
2633  -19.717  -18.143  44.723 3.0000000000
2936  -25.843  -28.275  35.510 3.0000000000
2937  -25.237  -26.457  36.205 3.0000000000
2938  -31.563  -11.459  33.484 3.0000000000
2940  -33.004  -11.111  31.921 3.0000000000
2941  -34.421  -10.974  30.276 3.0000000000
2942  -33.878  -9.049  30.791 3.0000000000
2968  -11.885  -31.028  46.681 3.0000000000
2969  -10.529  -31.703  48.269 3.0000000000
3112  -35.011  -28.216  29.029 3.0000000000
3113  -35.347  -30.422  28.327 3.0000000000
3114  -36.234  -28.438  27.370 3.0000000000
3115  -38.810  -27.611  14.270 3.0000000000
3116  -38.949  -29.659  15.462 3.0000000000
3117  -38.737  -29.555  13.292 3.0000000000
3118  -38.673  -31.494  12.128 3.0000000000
3119  -38.382  -29.495  11.020 3.0000000000
3538  -25.308  -13.501  39.804 3.0000000000
3539  -25.817  -15.100  38.869 3.0000000000
3540  -26.840  -12.969  38.252 3.0000000000
3541  -28.497  -12.348  36.607 3.0000000000
3542  -27.824  -10.783  37.480 3.0000000000
3572  -15.255  -25.567  45.948 3.0000000000
3573  -15.571  -27.149  44.330 3.0000000000
3574  -16.638  -24.778  44.613 3.0000000000
3718  -39.048  -23.565  16.092 3.0000000000
4483  -29.111  -27.896  33.809 3.0000000000
4484  -29.664  -29.920  33.270 3.0000000000
4485  -30.668  -27.752  32.855 3.0000000000
4486  -32.230  -27.857  31.718 3.0000000000
4487  -31.762  -25.726  32.268 3.0000000000
4488  -27.312  -20.205  36.260 3.0000000000
4489  -27.784  -21.947  35.549 3.0000000000
4490  -28.963  -19.762  35.073 3.0000000000
4491  -33.113  -17.070  31.760 3.0000000000
4492  -32.023  -19.268  32.643 3.0000000000
4493  -33.523  -19.216  31.252 3.0000000000
4498  -37.063  -10.979  26.627 3.0000000000
4500  -38.022  -11.088  24.899 3.0000000000
4519  -35.367  -4.944  28.355 3.0000000000
5022  -35.861  -37.064  25.747 3.0000000000
5023  -35.791  -39.068  24.779 3.0000000000
5024  -36.652  -37.401  23.789 3.0000000000
5025  -38.481  -27.038  22.649 3.0000000000
5026  -37.945  -29.035  23.840 3.0000000000
5027  -38.527  -29.261  21.769 3.0000000000
5028  -38.705  -33.769  17.504 3.0000000000
5029  -38.465  -33.508  19.820 3.0000000000
5030  -38.337  -35.544  18.655 3.0000000000
5031  -37.761  -37.560  19.675 3.0000000000
5032  -38.091  -37.557  17.475 3.0000000000
5033  -37.772  -39.442  15.943 3.0000000000
5050  -32.412  -18.944  2.445 3.0000000000
5051  -34.976  -24.268  3.065 3.0000000000
5052  -34.713  -22.859  4.078 3.0000000000
5053  -35.772  -24.814  4.990 3.0000000000
5054  -36.547  -25.304  6.851 3.0000000000
5055  -36.602  -26.665  5.706 3.0000000000
5056  -37.390  -28.695  6.620 3.0000000000
5057  -36.843  -28.060  4.630 3.0000000000
5866  -21.667  -18.791  42.006 3.0000000000
5867  -23.247  -18.086  40.571 3.0000000000
5868  -22.748  -16.666  41.688 3.0000000000
5869  -23.792  -14.275  41.313 3.0000000000
5870  -24.734  -12.087  40.767 3.0000000000
5888  -17.201  -21.287  46.246 3.0000000000
5889  -17.719  -22.635  44.656 3.0000000000
5890  -18.709  -20.398  44.778 3.0000000000
5891  -20.264  -19.511  43.310 3.0000000000
6436  -27.562  -27.866  34.679 3.0000000000
6437  -28.628  -25.844  34.355 3.0000000000
6441  -32.567  -15.220  32.368 3.0000000000
6442  -34.169  -15.088  30.692 3.0000000000
6444  -34.969  -12.910  29.711 3.0000000000
6445  -35.769  -10.886  28.543 3.0000000000
6446  -36.580  -8.930  27.175 3.0000000000
6756  -34.431  -32.404  29.145 3.0000000000
6757  -35.616  -32.624  27.559 3.0000000000
6758  -36.578  -33.064  25.841 3.0000000000
6759  -39.066  -27.432  18.479 3.0000000000
6760  -38.872  -29.433  19.660 3.0000000000
6761  -38.989  -29.787  17.621 3.0000000000
6762  -38.908  -31.772  16.578 3.0000000000
6763  -38.801  -33.591  15.325 3.0000000000
6765  -38.756  -33.380  13.151 3.0000000000
6773  -31.564  -19.630  -0.151 3.0000000000
6774  -32.531  -20.305  1.537 3.0000000000
6775  -32.907  -21.536  0.608 3.0000000000
6776  -34.221  -23.561  1.296 3.0000000000
6777  -35.315  -25.456  1.794 3.0000000000
7445  -24.853  -24.534  36.916 3.0000000000
7447  -25.639  -20.633  37.460 3.0000000000
7448  -26.843  -18.408  37.059 3.0000000000
7449  -24.793  -17.236  39.286 3.0000000000
7453  -30.035  -11.920  35.058 3.0000000000
7454  -30.881  -9.732  34.212 3.0000000000
7495  -12.798  -28.624  47.190 3.0000000000
7496  -13.182  -30.182  45.393 3.0000000000
7497  -13.609  -31.654  43.703 3.0000000000
7498  -14.533  -29.322  44.137 3.0000000000
7499  -15.997  -28.529  42.801 3.0000000000
7500  -17.373  -27.672  41.748 3.0000000000
7501  -18.037  -24.068  43.298 3.0000000000
7693  -36.818  -23.971  26.955 3.0000000000
7694  -36.949  -26.407  26.479 3.0000000000
7695  -37.720  -24.333  25.226 3.0000000000
7697  -38.877  -24.816  21.511 3.0000000000
7700  -39.117  -25.108  19.481 3.0000000000
7701  -39.122  -25.490  17.340 3.0000000000
7702  -38.907  -25.670  15.152 3.0000000000
7703  -38.502  -25.622  13.015 3.0000000000
7711  -30.235  -17.725  -0.761 3.0000000000
8704  -33.747  -27.868  30.404 3.0000000000
8705  -34.757  -25.830  29.546 3.0000000000
8706  -26.503  -24.219  35.934 3.0000000000
8707  -28.147  -23.900  34.951 3.0000000000
8708  -29.768  -23.620  33.917 3.0000000000
8709  -30.469  -19.505  33.922 3.0000000000
8710  -31.013  -21.395  33.276 3.0000000000
8711  -31.415  -23.504  32.744 3.0000000000
8726  -25.621  -9.999  40.057 3.0000000000
8729  -27.181  -9.336  38.312 3.0000000000
8730  -28.657  -8.542  36.671 3.0000000000
8731  -30.205  -7.985  34.928 3.0000000000
8732  -31.760  -7.548  33.145 3.0000000000
8741  -33.164  -7.303  31.486 3.0000000000
8742  -34.599  -6.899  29.668 3.0000000000
8743  -35.950  -6.849  27.833 3.0000000000
9354  -33.835  -40.679  27.420 3.0000000000
9355  -34.779  -40.954  25.613 3.0000000000
9356  -35.521  -41.272  23.663 3.0000000000
9357  -36.144  -41.502  21.503 3.0000000000
9358  -37.241  -28.543  25.601 3.0000000000
9359  -37.309  -30.954  24.914 3.0000000000
9360  -37.420  -33.089  23.957 3.0000000000
9361  -38.525  -31.411  20.839 3.0000000000
9362  -38.040  -33.319  21.943 3.0000000000
9363  -37.410  -35.348  22.920 3.0000000000
9364  -37.277  -37.457  21.859 3.0000000000
9365  -37.020  -39.548  20.637 3.0000000000
9366  -36.665  -41.476  19.282 3.0000000000
9384  -37.967  -25.831  10.920 3.0000000000
9388  -33.552  -20.864  3.219 3.0000000000
9392  -37.255  -25.428  8.843 3.0000000000
9393  -37.921  -27.462  10.000 3.0000000000
9394  -37.897  -29.053  8.776 3.0000000000
9395  -37.990  -30.672  7.689 3.0000000000
80  -13.316  36.364  -35.585 3.0000000000
82  -6.723  41.992  -50.233 3.0000000000
122  -12.425  54.122  -24.874 3.0000000000
201  -11.051  40.145  -43.729 3.0000000000
536  -18.008  7.659  -12.467 3.0000000000
537  -18.056  13.803  -18.963 3.0000000000
538  -18.625  20.254  -27.019 3.0000000000
960  -15.576  31.472  -35.688 3.0000000000
962  -14.810  34.042  -40.268 3.0000000000
963  -9.175  41.434  -47.086 3.0000000000
964  -11.662  37.876  -48.197 3.0000000000
965  -9.322  38.728  -51.628 3.0000000000
1178  -18.463  5.150  -10.052 3.0000000000
1181  -16.230  16.608  -15.998 3.0000000000
1182  -16.190  19.446  -19.333 3.0000000000
1183  -18.340  16.930  -22.738 3.0000000000
1184  -16.212  22.464  -23.037 3.0000000000
1185  -16.181  25.546  -27.060 3.0000000000
1189  -11.580  49.105  -26.374 3.0000000000
1190  -10.789  50.361  -29.872 3.0000000000
1512  -11.488  41.543  -35.498 3.0000000000
1513  -12.388  38.535  -39.678 3.0000000000
1514  -10.439  43.210  -39.475 3.0000000000
1973  -13.582  36.125  -44.330 3.0000000000
2246  -20.105  -0.186  -9.314 3.0000000000
2247  -19.788  2.472  -11.942 3.0000000000
2248  -19.886  5.478  -15.039 3.0000000000
2249  -16.545  13.871  -13.205 3.0000000000
2250  -17.880  10.740  -15.519 3.0000000000
2251  -20.310  8.561  -18.545 3.0000000000
2252  -20.656  12.235  -22.516 3.0000000000
2253  -21.097  15.704  -26.687 3.0000000000
2255  -18.596  23.716  -31.447 3.0000000000
2256  -16.010  28.639  -31.392 3.0000000000
2257  -13.850  33.982  -31.406 3.0000000000
2260  -12.161  39.633  -31.682 3.0000000000
2261  -10.877  45.557  -32.174 3.0000000000
2880  -14.433  33.811  -35.727 3.0000000000
2881  -15.271  32.762  -37.992 3.0000000000
2882  -14.087  34.980  -37.828 3.0000000000
2883  -8.031  41.745  -48.789 3.0000000000
2884  -9.163  40.096  -49.378 3.0000000000
2885  -7.974  40.239  -50.976 3.0000000000
2886  -7.992  38.897  -52.979 3.0000000000
2887  -6.601  40.394  -52.201 3.0000000000
3101  -15.379  21.402  -17.921 3.0000000000
3102  -15.278  22.798  -19.421 3.0000000000
3103  -16.167  21.002  -21.079 3.0000000000
3104  -15.265  24.080  -21.217 3.0000000000
3105  -15.248  25.414  -23.072 3.0000000000
3107  -12.412  50.860  -23.852 3.0000000000
3108  -11.986  48.272  -24.674 3.0000000000
3109  -11.925  51.695  -25.551 3.0000000000
3110  -11.474  52.197  -27.179 3.0000000000
3111  -11.900  54.911  -26.571 3.0000000000
3480  -10.703  44.231  -35.751 3.0000000000
3481  -11.056  42.304  -37.520 3.0000000000
3482  -10.256  44.764  -37.677 3.0000000000
4328  -11.752  39.465  -41.733 3.0000000000
4329  -12.988  37.199  -41.911 3.0000000000
4330  -12.314  38.026  -44.004 3.0000000000
4331  -11.894  36.935  -50.706 3.0000000000
4332  -13.090  36.187  -49.041 3.0000000000
4972  -20.099  0.265  -7.618 3.0000000000
4973  -20.448  -1.321  -8.159 3.0000000000
4974  -19.574  1.341  -8.623 3.0000000000
4975  -18.188  6.367  -11.236 3.0000000000
4976  -18.939  3.784  -10.904 3.0000000000
4977  -18.899  4.936  -12.302 3.0000000000
4978  -19.824  3.833  -13.398 3.0000000000
4979  -18.781  6.473  -13.627 3.0000000000
4983  -17.023  14.999  -17.323 3.0000000000
4984  -17.029  13.557  -15.775 3.0000000000
4985  -18.022  12.057  -17.191 3.0000000000
4986  -18.992  9.394  -16.877 3.0000000000
4987  -19.099  11.037  -18.609 3.0000000000
4988  -20.485  10.297  -20.415 3.0000000000
4989  -19.350  12.591  -20.555 3.0000000000
4990  -18.468  18.599  -24.796 3.0000000000
4991  -19.697  16.090  -24.652 3.0000000000
4992  -19.824  17.915  -26.830 3.0000000000
4993  -21.360  17.403  -28.969 3.0000000000
4994  -19.994  19.658  -29.158 3.0000000000
4995  -19.993  21.370  -31.319 3.0000000000
4996  -18.648  21.964  -29.180 3.0000000000
4997  -15.141  28.376  -27.198 3.0000000000
4998  -16.102  27.150  -29.202 3.0000000000
4999  -14.988  29.965  -29.308 3.0000000000
5000  -14.826  31.344  -31.318 3.0000000000
5001  -13.974  32.791  -29.122 3.0000000000
5008  -12.384  38.709  -29.627 3.0000000000
5009  -11.729  41.803  -30.013 3.0000000000
5010  -11.445  42.642  -31.962 3.0000000000
5011  -11.182  44.964  -30.372 3.0000000000
5012  -10.539  53.084  -30.710 3.0000000000
5013  -10.362  50.750  -31.731 3.0000000000
6336  -16.868  29.212  -35.896 3.0000000000
6338  -16.581  30.561  -38.049 3.0000000000
6341  -10.150  40.911  -45.421 3.0000000000
6342  -11.385  38.885  -45.963 3.0000000000
6343  -10.302  39.629  -47.729 3.0000000000
6344  -10.536  38.438  -49.949 3.0000000000
6345  -10.628  37.402  -52.370 3.0000000000
6728  -18.854  3.984  -9.094 3.0000000000
6730  -17.812  7.961  -10.502 3.0000000000
6731  -17.461  9.356  -11.584 3.0000000000
6733  -15.683  18.643  -14.939 3.0000000000
6734  -15.498  19.998  -16.304 3.0000000000
6735  -16.111  18.263  -17.576 3.0000000000
6736  -17.057  16.529  -19.038 3.0000000000
6737  -18.243  15.250  -20.823 3.0000000000
6738  -17.180  17.908  -20.853 3.0000000000
6739  -17.226  19.573  -22.791 3.0000000000
6740  -17.296  21.223  -24.885 3.0000000000
6741  -17.383  22.796  -27.067 3.0000000000
6742  -16.222  23.985  -25.036 3.0000000000
6743  -15.171  26.962  -25.036 3.0000000000
6749  -11.447  46.704  -27.250 3.0000000000
6750  -11.111  47.229  -29.076 3.0000000000
6751  -11.189  49.643  -28.106 3.0000000000
6752  -11.029  52.672  -28.855 3.0000000000
7368  -12.318  38.993  -35.640 3.0000000000
7369  -12.943  37.409  -37.630 3.0000000000
7370  -11.901  39.956  -37.528 3.0000000000
7371  -11.385  40.810  -39.515 3.0000000000
7372  -10.721  41.648  -41.437 3.0000000000
7375  -9.956  42.354  -43.272 3.0000000000
8507  -13.557  36.206  -39.879 3.0000000000
8508  -14.224  35.186  -42.275 3.0000000000
8510  -12.722  37.019  -46.478 3.0000000000
8511  -14.051  35.385  -46.908 3.0000000000
9299  -19.229  2.401  -9.720 3.0000000000
9300  -19.854  1.189  -10.597 3.0000000000
9306  -16.819  12.579  -12.040 3.0000000000
9307  -17.265  10.547  -12.837 3.0000000000
9308  -16.345  15.245  -14.527 3.0000000000
9309  -17.053  12.201  -14.221 3.0000000000
9310  -17.912  9.190  -13.990 3.0000000000
9311  -18.882  7.852  -15.209 3.0000000000
9312  -20.043  7.115  -16.792 3.0000000000
9314  -21.725  8.139  -20.333 3.0000000000
9315  -21.969  9.995  -22.379 3.0000000000
9316  -22.254  11.829  -24.515 3.0000000000
9317  -19.458  14.379  -22.489 3.0000000000
9318  -20.883  13.899  -24.494 3.0000000000
9325  -18.501  25.371  -33.762 3.0000000000
9326  -17.316  24.416  -29.046 3.0000000000
9327  -17.225  26.036  -31.202 3.0000000000
9328  -17.097  27.643  -33.544 3.0000000000
9329  -15.892  29.970  -33.542 3.0000000000
9330  -14.703  32.543  -33.552 3.0000000000
9331  -13.624  35.213  -33.607 3.0000000000
9338  -13.150  35.645  -29.340 3.0000000000
9339  -12.922  36.854  -31.383 3.0000000000
9340  -12.702  37.821  -33.564 3.0000000000
9341  -11.858  40.619  -33.569 3.0000000000
9342  -11.093  43.566  -33.794 3.0000000000
9343  -10.469  46.258  -34.203 3.0000000000
9344  -10.734  47.956  -30.978 3.0000000000
9345  -10.360  48.356  -32.863 3.0000000000
64  -25.169  -56.253  26.075 3.0000000000
68  -12.766  -65.523  29.761 3.0000000000
188  -21.196  -52.288  32.074 3.0000000000
286  -23.434  -68.189  2.257 3.0000000000
295  -16.963  -69.923  22.262 3.0000000000
296  -10.728  -74.967  22.278 3.0000000000
404  -22.526  -63.819  20.231 3.0000000000
405  -25.110  -62.665  10.161 3.0000000000
412  -19.078  -61.390  28.371 3.0000000000
555  -27.805  -59.346  -0.555 3.0000000000
556  -31.479  -54.424  -11.121 3.0000000000
775  -18.903  -70.664  17.690 3.0000000000
916  -26.755  -56.945  21.809 3.0000000000
925  -23.309  -54.558  29.548 3.0000000000
926  -20.126  -56.924  30.483 3.0000000000
927  -22.235  -58.789  27.332 3.0000000000
1228  -33.499  -51.363  -15.948 3.0000000000
1484  -26.513  -52.167  28.326 3.0000000000
1485  -28.175  -53.397  24.637 3.0000000000
1491  -22.142  -47.531  33.289 3.0000000000
1492  -24.335  -50.249  31.220 3.0000000000
1684  -11.645  -70.294  26.473 3.0000000000
1685  -13.954  -72.549  22.552 3.0000000000
1905  -22.731  -66.724  11.761 3.0000000000
1906  -23.880  -63.641  15.283 3.0000000000
1908  -28.840  -56.290  11.958 3.0000000000
1909  -29.510  -53.756  20.245 3.0000000000
1910  -30.496  -53.494  15.242 3.0000000000
1920  -17.891  -54.048  33.032 3.0000000000
1922  -15.851  -63.711  29.183 3.0000000000
1923  -17.949  -65.823  25.600 3.0000000000
2301  -24.116  -65.417  6.377 3.0000000000
2302  -25.524  -63.851  0.951 3.0000000000
2303  -27.224  -61.765  -4.371 3.0000000000
2305  -29.549  -57.050  -5.948 3.0000000000
2306  -29.251  -59.190  -9.705 3.0000000000
2307  -31.318  -56.414  -14.626 3.0000000000
2695  -19.767  -70.650  15.251 3.0000000000
2834  -24.450  -58.265  24.784 3.0000000000
2836  -25.963  -56.752  24.052 3.0000000000
2845  -24.241  -55.522  27.958 3.0000000000
2846  -22.726  -56.739  28.520 3.0000000000
2847  -23.686  -57.489  26.804 3.0000000000
2848  -23.082  -59.536  25.456 3.0000000000
3167  -11.193  -66.519  29.829 3.0000000000
3446  -24.835  -47.893  31.959 3.0000000000
3447  -25.871  -49.149  30.790 3.0000000000
3448  -25.509  -51.276  29.865 3.0000000000
3766  -14.397  -70.351  24.529 3.0000000000
3767  -15.575  -71.141  22.523 3.0000000000
4184  -22.034  -65.472  18.414 3.0000000000
4185  -22.730  -65.338  16.004 3.0000000000
4186  -23.336  -63.693  17.749 3.0000000000
4191  -28.314  -56.789  14.531 3.0000000000
4192  -29.587  -51.943  23.874 3.0000000000
4193  -28.873  -53.701  22.493 3.0000000000
4198  -30.951  -53.086  12.646 3.0000000000
4215  -20.125  -50.629  33.181 3.0000000000
4216  -18.446  -51.570  33.616 3.0000000000
4217  -19.489  -53.125  32.603 3.0000000000
4218  -19.660  -59.106  29.500 3.0000000000
4219  -18.537  -57.804  31.038 3.0000000000
4220  -18.137  -60.185  29.940 3.0000000000
4221  -16.515  -61.276  30.349 3.0000000000
4222  -17.444  -62.548  28.862 3.0000000000
4223  -16.962  -64.755  27.540 3.0000000000
4224  -18.543  -63.582  27.080 3.0000000000
4226  -20.363  -65.022  23.148 3.0000000000
4227  -21.264  -65.342  20.835 3.0000000000
5107  -23.952  -64.636  10.970 3.0000000000
5108  -23.399  -66.159  9.167 3.0000000000
5109  -24.541  -64.105  8.317 3.0000000000
5110  -27.065  -60.321  2.054 3.0000000000
5111  -25.982  -62.377  2.787 3.0000000000
5112  -26.652  -61.633  0.028 3.0000000000
5113  -26.343  -62.820  -1.651 3.0000000000
5114  -27.469  -60.545  -2.436 3.0000000000
5120  -30.499  -55.755  -8.502 3.0000000000
5121  -29.269  -58.286  -7.686 3.0000000000
5122  -30.337  -56.810  -10.267 3.0000000000
5123  -30.294  -57.761  -12.108 3.0000000000
5124  -31.434  -55.294  -12.920 3.0000000000
5126  -33.442  -52.254  -17.568 3.0000000000
5183  -11.192  -72.672  24.432 3.0000000000
5184  -10.134  -71.289  26.330 3.0000000000
5185  -9.662  -73.501  24.407 3.0000000000
5988  -22.674  -68.971  4.934 3.0000000000
6003  -17.982  -70.385  20.065 3.0000000000
6004  -16.491  -72.005  20.272 3.0000000000
6005  -17.493  -72.436  17.937 3.0000000000
6273  -22.352  -53.552  30.826 3.0000000000
6274  -20.622  -54.559  31.393 3.0000000000
6275  -21.692  -55.779  30.036 3.0000000000
6276  -21.216  -58.013  28.961 3.0000000000
6277  -20.655  -60.201  27.817 3.0000000000
6278  -20.066  -62.312  26.600 3.0000000000
6279  -21.571  -60.981  26.040 3.0000000000
6812  -28.214  -58.212  1.278 3.0000000000
6817  -32.639  -51.884  -11.707 3.0000000000
6818  -32.577  -52.702  -13.529 3.0000000000
6854  -10.169  -77.238  20.023 3.0000000000
6855  -9.114  -75.872  22.186 3.0000000000
7304  -25.849  -54.178  27.319 3.0000000000
7305  -26.739  -54.742  25.419 3.0000000000
7306  -27.416  -52.770  26.676 3.0000000000
7307  -28.824  -51.547  25.892 3.0000000000
7319  -21.615  -49.847  32.780 3.0000000000
7320  -23.751  -46.607  32.913 3.0000000000
7321  -23.227  -48.917  32.366 3.0000000000
7322  -22.740  -51.216  31.699 3.0000000000
7323  -23.853  -52.343  30.466 3.0000000000
7324  -24.852  -53.401  29.011 3.0000000000
7767  -13.795  -67.040  28.016 3.0000000000
7768  -12.314  -67.893  28.195 3.0000000000
7770  -12.787  -71.565  24.535 3.0000000000
7771  -12.280  -73.682  22.656 3.0000000000
7772  -14.974  -73.364  20.522 3.0000000000
7773  -13.475  -74.758  20.394 3.0000000000
7774  -11.902  -75.972  20.296 3.0000000000
8324  -20.998  -68.804  14.748 3.0000000000
8325  -21.601  -68.673  12.314 3.0000000000
8326  -22.154  -66.999  14.160 3.0000000000
8327  -23.354  -65.102  13.378 3.0000000000
8328  -24.536  -63.171  12.725 3.0000000000
8334  -29.342  -55.699  9.308 3.0000000000
8335  -27.394  -55.236  23.394 3.0000000000
8336  -28.169  -55.283  21.142 3.0000000000
8339  -30.066  -53.643  17.866 3.0000000000
8340  -29.208  -55.217  16.162 3.0000000000
8341  -29.727  -54.814  13.560 3.0000000000
8342  -30.098  -54.461  10.927 3.0000000000
8363  -13.250  -63.141  31.079 3.0000000000
8365  -16.828  -52.449  34.055 3.0000000000
8366  -16.416  -54.962  33.398 3.0000000000
8367  -18.975  -55.525  31.884 3.0000000000
8368  -17.497  -56.422  32.284 3.0000000000
8371  -14.874  -62.190  30.777 3.0000000000
8372  -14.335  -64.634  29.501 3.0000000000
8373  -15.418  -65.999  27.744 3.0000000000
8375  -17.464  -67.948  23.917 3.0000000000
8376  -19.491  -64.459  25.145 3.0000000000
8377  -18.917  -66.481  23.648 3.0000000000
8378  -18.504  -68.379  21.908 3.0000000000
9459  -22.284  -68.192  9.838 3.0000000000
9460  -23.035  -67.478  7.140 3.0000000000
9461  -23.761  -66.743  4.371 3.0000000000
9462  -25.232  -63.334  5.455 3.0000000000
9463  -24.872  -64.541  3.573 3.0000000000
9464  -24.436  -66.085  1.665 3.0000000000
9465  -25.268  -65.114  -1.085 3.0000000000
9468  -29.974  -54.984  2.002 3.0000000000
9469  -29.380  -56.169  0.275 3.0000000000
9473  -28.608  -58.345  -3.370 3.0000000000
9474  -28.357  -59.438  -5.130 3.0000000000
9475  -28.185  -60.604  -7.107 3.0000000000
9478  -30.171  -58.983  -13.922 3.0000000000
9480  -32.425  -53.816  -15.162 3.0000000000
9481  -32.395  -54.798  -17.017 3.0000000000
9548  -10.613  -68.852  28.262 3.0000000000
10  -40.821  -9.412  -30.365 3.0000000000
83  -40.854  -27.051  -31.189 3.0000000000
203  -41.313  -16.522  -31.491 3.0000000000
204  -41.503  -16.346  -38.410 3.0000000000
558  -38.937  -36.600  -22.969 3.0000000000
559  -40.656  -25.934  -24.457 3.0000000000
683  -41.175  -12.365  -31.038 3.0000000000
1233  -39.981  -30.398  -20.524 3.0000000000
1234  -40.397  -25.486  -21.122 3.0000000000
1517  -41.228  -21.501  -31.502 3.0000000000
1519  -41.431  -16.313  -34.824 3.0000000000
1674  -37.733  -39.570  -15.191 3.0000000000
2235  -40.016  -8.908  -27.958 3.0000000000
2236  -40.272  -6.003  -31.156 3.0000000000
2289  -40.730  -12.593  -27.971 3.0000000000
2311  -38.936  -37.631  -26.385 3.0000000000
2312  -40.042  -32.103  -27.180 3.0000000000
2313  -39.037  -35.416  -19.683 3.0000000000
2314  -40.045  -31.139  -23.939 3.0000000000
2315  -40.771  -26.527  -27.838 3.0000000000
2316  -41.081  -21.366  -28.067 3.0000000000
2317  -41.086  -16.556  -28.264 3.0000000000
2603  -41.007  -10.615  -30.674 3.0000000000
2605  -40.923  -8.832  -31.568 3.0000000000
2890  -40.907  -27.160  -32.977 3.0000000000
3153  -40.119  -27.572  -19.184 3.0000000000
3154  -40.146  -25.346  -19.326 3.0000000000
3155  -40.369  -23.271  -21.196 3.0000000000
3488  -41.294  -18.936  -31.471 3.0000000000
3489  -41.357  -19.011  -33.150 3.0000000000
3490  -41.377  -16.582  -33.173 3.0000000000
4351  -41.450  -19.091  -36.618 3.0000000000
4353  -41.463  -18.902  -38.638 3.0000000000
4950  -39.468  -7.038  -28.044 3.0000000000
5134  -38.920  -37.184  -24.736 3.0000000000
5135  -39.537  -34.845  -26.776 3.0000000000
5136  -39.518  -34.412  -24.995 3.0000000000
5137  -38.490  -37.031  -15.819 3.0000000000
5138  -38.386  -37.640  -17.496 3.0000000000
5139  -39.054  -35.010  -17.925 3.0000000000
5140  -40.355  -28.222  -22.658 3.0000000000
5141  -39.999  -30.929  -22.254 3.0000000000
5142  -40.411  -28.516  -24.288 3.0000000000
5143  -40.461  -28.759  -26.014 3.0000000000
5144  -40.727  -26.183  -26.185 3.0000000000
5145  -40.970  -23.899  -28.046 3.0000000000
5146  -40.887  -23.862  -26.322 3.0000000000
5148  -40.973  -18.848  -26.589 3.0000000000
5149  -40.859  -16.751  -26.522 3.0000000000
5150  -40.946  -14.630  -28.028 3.0000000000
5151  -40.630  -14.628  -26.417 3.0000000000
5837  -41.272  -14.235  -31.343 3.0000000000
5838  -41.348  -14.324  -32.913 3.0000000000
5839  -41.263  -12.024  -32.598 3.0000000000
6355  -41.477  -13.181  -40.050 3.0000000000
6356  -41.487  -16.059  -40.299 3.0000000000
6825  -38.239  -38.813  -20.709 3.0000000000
6827  -39.543  -32.590  -18.406 3.0000000000
6828  -39.911  -30.055  -18.837 3.0000000000
6829  -40.271  -27.851  -20.951 3.0000000000
6830  -40.550  -25.702  -22.751 3.0000000000
6831  -40.784  -23.535  -24.587 3.0000000000
6832  -40.627  -23.288  -22.974 3.0000000000
7379  -41.090  -24.183  -31.442 3.0000000000
7381  -41.287  -21.572  -33.202 3.0000000000
7382  -41.409  -19.087  -34.842 3.0000000000
7383  -41.479  -16.275  -36.613 3.0000000000
7384  -41.397  -13.956  -34.593 3.0000000000
7385  -41.442  -13.645  -36.290 3.0000000000
7386  -41.480  -13.576  -38.153 3.0000000000
7748  -37.858  -39.026  -13.579 3.0000000000
9267  -40.539  -9.258  -29.305 3.0000000000
9268  -40.622  -7.945  -30.708 3.0000000000
9269  -40.158  -7.431  -29.499 3.0000000000
9270  -39.698  -5.507  -29.869 3.0000000000
9427  -40.306  -12.633  -26.355 3.0000000000
9428  -40.408  -10.783  -27.831 3.0000000000
9429  -40.787  -10.746  -29.304 3.0000000000
9493  -40.090  -32.327  -28.829 3.0000000000
9494  -40.512  -29.489  -29.293 3.0000000000
9495  -37.608  -40.202  -16.986 3.0000000000
9496  -38.343  -38.079  -19.145 3.0000000000
9497  -38.946  -36.136  -21.255 3.0000000000
9498  -39.584  -32.870  -20.253 3.0000000000
9499  -39.569  -33.356  -21.870 3.0000000000
9500  -39.542  -33.872  -23.399 3.0000000000
9501  -40.058  -31.523  -25.543 3.0000000000
9502  -40.457  -29.321  -27.540 3.0000000000
9503  -40.805  -26.874  -29.494 3.0000000000
9504  -41.019  -24.232  -29.650 3.0000000000
9505  -41.152  -21.627  -29.722 3.0000000000
9506  -41.221  -18.998  -29.815 3.0000000000
9507  -40.981  -21.266  -26.499 3.0000000000
9508  -41.129  -18.813  -28.263 3.0000000000
9509  -41.227  -16.526  -29.895 3.0000000000
9510  -41.153  -14.373  -29.747 3.0000000000
9511  -41.000  -12.494  -29.466 3.0000000000
269  -26.965  -9.586  -10.783 3.0000000000
283  -32.723  -16.633  -10.516 3.0000000000
547  -37.165  -24.073  -10.104 3.0000000000
749  -24.564  -8.833  -8.232 3.0000000000
763  -27.160  -12.492  -7.710 3.0000000000
1171  -33.977  -5.479  -21.325 3.0000000000
1211  -35.319  -16.671  -14.002 3.0000000000
1638  -30.686  -6.005  -17.665 3.0000000000
1661  -32.872  -19.580  -7.132 3.0000000000
1662  -30.063  -16.036  -7.440 3.0000000000
1663  -29.922  -13.097  -10.700 3.0000000000
2240  -31.439  -2.270  -21.386 3.0000000000
2284  -35.201  -20.235  -10.359 3.0000000000
3689  -28.577  -9.855  -12.322 3.0000000000
3690  -28.816  -8.102  -14.119 3.0000000000
3691  -27.189  -8.111  -12.436 3.0000000000
3730  -27.078  -11.225  -9.183 3.0000000000
3731  -28.441  -12.885  -9.099 3.0000000000
3732  -28.410  -11.416  -10.640 3.0000000000
4957  -29.405  -4.546  -17.643 3.0000000000
4958  -31.078  -4.154  -19.525 3.0000000000
4959  -29.684  -2.558  -19.530 3.0000000000
4961  -30.535  1.361  -23.578 3.0000000000
5070  -32.794  -18.247  -8.793 3.0000000000
5071  -34.138  -20.119  -8.662 3.0000000000
5072  -33.996  -18.431  -10.395 3.0000000000
5074  -36.427  -18.497  -14.087 3.0000000000
5957  -25.742  -9.449  -9.369 3.0000000000
5981  -27.541  -13.802  -6.347 3.0000000000
5982  -26.206  -12.018  -6.590 3.0000000000
5983  -25.782  -10.664  -7.907 3.0000000000
6717  -34.292  -3.653  -23.088 3.0000000000
6785  -36.282  -23.742  -8.347 3.0000000000
6786  -32.805  -14.993  -12.250 3.0000000000
6787  -34.098  -16.714  -12.277 3.0000000000
7664  -28.893  -6.232  -15.770 3.0000000000
7717  -31.500  -17.857  -7.213 3.0000000000
7718  -31.396  -16.406  -8.955 3.0000000000
7719  -28.619  -14.260  -7.618 3.0000000000
7720  -29.920  -14.550  -9.130 3.0000000000
7721  -31.348  -14.773  -10.691 3.0000000000
9278  -32.436  -5.764  -19.542 3.0000000000
9279  -32.788  -3.821  -21.429 3.0000000000
9280  -33.114  -1.812  -23.368 3.0000000000
9281  -30.182  -0.602  -21.601 3.0000000000
9282  -31.763  -0.136  -23.445 3.0000000000
9412  -34.216  -21.525  -6.877 3.0000000000
9413  -35.224  -21.813  -8.526 3.0000000000
9414  -36.247  -22.138  -10.189 3.0000000000
9415  -35.294  -18.550  -12.235 3.0000000000
9416  -36.306  -20.332  -12.181 3.0000000000
29  -37.867  -38.526  0.188 3.0000000000
771  -38.299  -35.848  -4.579 3.0000000000
1914  -37.525  -40.539  5.181 3.0000000000
2270  -38.148  -38.227  8.659 3.0000000000
2271  -38.172  -36.546  3.639 3.0000000000
2279  -37.890  -32.364  2.276 3.0000000000
2280  -38.180  -34.252  -1.088 3.0000000000
2281  -38.250  -31.661  -5.295 3.0000000000
2687  -37.359  -40.683  1.082 3.0000000000
2689  -37.650  -39.423  -1.483 3.0000000000
2690  -37.970  -37.983  -3.913 3.0000000000
2691  -38.085  -37.163  -2.185 3.0000000000
5038  -38.178  -37.406  6.110 3.0000000000
5039  -38.264  -35.333  5.277 3.0000000000
5060  -37.684  -31.296  0.062 3.0000000000
5061  -38.053  -33.356  0.631 3.0000000000
5062  -37.965  -32.157  -1.613 3.0000000000
5063  -38.197  -32.941  -3.233 3.0000000000
5064  -37.906  -30.910  -3.669 3.0000000000
5996  -38.276  -36.579  -6.317 3.0000000000
5997  -38.532  -34.267  -6.761 3.0000000000
8352  -37.677  -39.656  2.648 3.0000000000
9373  -37.863  -39.408  6.937 3.0000000000
9374  -37.939  -38.649  4.415 3.0000000000
9375  -38.037  -37.627  1.976 3.0000000000
9400  -38.157  -34.417  2.928 3.0000000000
9401  -38.171  -35.503  1.261 3.0000000000
9402  -38.149  -36.332  -0.465 3.0000000000
9403  -38.258  -35.074  -2.729 3.0000000000
9404  -38.384  -33.812  -4.858 3.0000000000
9405  -38.534  -32.126  -7.115 3.0000000000
1361  -20.777  25.315  -68.742 3.0000000000
1362  -24.450  25.216  -65.215 3.0000000000
1755  -16.713  24.524  -71.053 3.0000000000
2467  -23.641  27.623  -61.349 3.0000000000
3281  -20.831  23.295  -70.040 3.0000000000
3884  -16.588  26.495  -69.867 3.0000000000
3885  -14.665  25.787  -70.715 3.0000000000
3886  -14.770  23.610  -71.771 3.0000000000
5522  -21.681  29.033  -61.325 3.0000000000
5523  -22.031  28.145  -63.526 3.0000000000
5524  -26.358  23.292  -64.944 3.0000000000
5525  -26.098  24.827  -63.032 3.0000000000
7057  -20.494  27.057  -67.223 3.0000000000
7059  -22.726  25.415  -67.031 3.0000000000
7933  -18.567  26.958  -68.650 3.0000000000
7934  -18.786  25.081  -70.018 3.0000000000
7935  -18.734  22.911  -71.176 3.0000000000
7937  -16.817  22.284  -71.946 3.0000000000
9958  -24.131  26.555  -63.362 3.0000000000
532  -39.240  -2.015  -32.002 3.0000000000
1350  -37.717  2.026  -32.795 3.0000000000
1351  -39.436  0.750  -35.940 3.0000000000
2239  -35.259  2.260  -29.226 3.0000000000
3270  -36.800  4.050  -33.294 3.0000000000
4955  -36.324  0.471  -28.959 3.0000000000
4956  -34.988  0.296  -27.120 3.0000000000
5492  -39.881  -2.579  -33.388 3.0000000000
7038  -38.528  -0.052  -32.306 3.0000000000
7039  -39.323  -0.431  -33.992 3.0000000000
7040  -38.638  1.549  -34.374 3.0000000000
9274  -38.323  -1.604  -30.343 3.0000000000
9275  -37.438  0.400  -30.614 3.0000000000
9276  -36.509  2.345  -31.015 3.0000000000
9277  -35.481  4.184  -31.414 3.0000000000
9284  -33.874  2.072  -27.460 3.0000000000
9285  -34.056  4.046  -29.513 3.0000000000
612  -28.766  11.198  -67.610 3.0000000000
1366  -24.782  10.607  -70.089 3.0000000000
2473  -28.325  4.520  -67.584 3.0000000000
5537  -28.569  8.018  -67.765 3.0000000000
5538  -22.689  10.031  -70.889 3.0000000000
7065  -26.968  14.075  -68.732 3.0000000000
7066  -26.880  10.843  -68.953 3.0000000000
7067  -24.969  13.641  -70.045 3.0000000000
7068  -22.898  13.227  -71.059 3.0000000000
9976  -26.569  7.665  -68.941 3.0000000000
787  28.131  -27.951  52.508 3.0000000000
2106  28.479  -22.892  55.317 3.0000000000
2107  28.192  -28.865  57.145 3.0000000000
4634  28.552  -23.376  57.727 3.0000000000
4635  28.345  -25.936  56.276 3.0000000000
6025  28.177  -25.058  51.630 3.0000000000
8884  28.365  -22.547  53.117 3.0000000000
8885  28.272  -25.541  53.952 3.0000000000
8886  28.181  -28.548  54.906 3.0000000000
8887  28.080  -31.362  55.748 3.0000000000
8913  28.015  -31.537  58.183 3.0000000000
1261  25.240  -71.386  -0.769 3.0000000000
1692  26.108  -72.858  3.599 3.0000000000
3180  25.133  -68.901  -0.737 3.0000000000
3181  25.587  -69.714  1.366 3.0000000000
5227  26.311  -75.574  3.761 3.0000000000
5228  25.922  -74.737  1.504 3.0000000000
5229  26.182  -77.370  1.392 3.0000000000
7788  26.000  -70.374  3.492 3.0000000000
7789  26.410  -71.060  5.844 3.0000000000
9604  25.699  -72.225  1.371 3.0000000000
9605  25.480  -73.995  -0.738 3.0000000000
428  17.968  45.194  -51.350 3.0000000000
4301  23.118  46.638  -49.944 3.0000000000
5445  18.162  49.968  -51.420 3.0000000000
5447  16.376  46.352  -51.689 3.0000000000
8471  19.828  48.716  -51.052 3.0000000000
8473  21.547  47.821  -50.549 3.0000000000
8474  19.685  44.102  -50.876 3.0000000000
1140  24.075  83.841  -46.441 3.0000000000
1141  26.110  75.875  -47.629 3.0000000000
3061  25.998  83.191  -45.542 3.0000000000
6661  24.235  76.564  -48.402 3.0000000000
6662  25.147  79.892  -47.166 3.0000000000
6663  27.003  79.201  -46.179 3.0000000000
9163  25.132  72.711  -48.703 3.0000000000
488  25.601  -12.921  71.487 3.0000000000
1576  28.351  -6.818  67.607 3.0000000000
2109  26.543  -6.946  70.432 3.0000000000
4640  24.884  -10.140  71.866 3.0000000000
4641  25.329  -7.253  71.416 3.0000000000
4642  26.133  -10.092  71.002 3.0000000000
6531  24.181  -12.698  72.285 3.0000000000
7515  28.946  -6.309  65.747 3.0000000000
8892  25.743  -4.048  70.832 3.0000000000
8893  26.871  -3.849  69.803 3.0000000000
8894  27.561  -6.690  69.144 3.0000000000
18  -6.166  -51.718  41.303 3.0000000000
772  -3.625  -53.201  43.278 3.0000000000
773  -2.084  -58.168  41.223 3.0000000000
774  -4.729  -56.803  39.593 3.0000000000
2692  -4.861  -52.699  42.147 3.0000000000
2693  -4.091  -55.111  41.374 3.0000000000
2694  -5.489  -54.239  40.501 3.0000000000
6000  -2.844  -55.789  42.268 3.0000000000
6001  -3.402  -57.545  40.337 3.0000000000
8354  -6.775  -53.575  39.664 3.0000000000
8355  -8.085  -52.704  38.962 3.0000000000
9539  -6.035  -56.164  38.859 3.0000000000
1273  24.234  -101.703  -6.163 3.0000000000
2362  26.166  -97.615  -4.314 3.0000000000
5261  25.044  -101.222  -8.113 3.0000000000
6898  23.508  -100.173  -0.813 3.0000000000
6899  24.547  -100.053  -3.000 3.0000000000
6900  23.286  -101.731  -3.792 3.0000000000
9643  25.300  -99.780  -5.046 3.0000000000
9644  25.966  -99.176  -7.179 3.0000000000
440  -40.939  -15.782  -46.217 3.0000000000
1983  -40.181  -29.017  -41.892 3.0000000000
1986  -40.299  -22.534  -46.102 3.0000000000
4357  -40.731  -22.362  -44.269 3.0000000000
4358  -40.673  -19.165  -46.235 3.0000000000
8543  -40.316  -25.812  -43.959 3.0000000000
912  -28.602  2.854  -2.623 3.0000000000
2831  -29.971  5.454  -2.720 3.0000000000
2832  -28.218  5.809  -3.616 3.0000000000
2833  -26.860  3.396  -3.571 3.0000000000
6249  -30.357  2.666  -1.669 3.0000000000
6252  -27.254  0.573  -2.685 3.0000000000
6253  -25.648  1.064  -3.589 3.0000000000
570  23.080  -69.604  -11.611 3.0000000000
2345  23.713  -63.121  -7.709 3.0000000000
2346  22.977  -65.244  -10.817 3.0000000000
2347  23.482  -67.641  -8.117 3.0000000000
5220  23.511  -65.367  -7.932 3.0000000000
5626  22.962  -67.422  -11.192 3.0000000000
9596  23.188  -66.469  -9.516 3.0000000000
9597  23.249  -68.804  -9.798 3.0000000000
9599  23.603  -69.869  -8.255 3.0000000000
9600  23.452  -71.061  -10.033 3.0000000000
1669  -32.401  -50.975  4.777 3.0000000000
1912  -33.840  -48.696  8.407 3.0000000000
3742  -33.662  -48.857  3.905 3.0000000000
4200  -32.673  -50.590  9.067 3.0000000000
8344  -31.946  -51.728  7.475 3.0000000000
8345  -33.117  -49.854  6.505 3.0000000000
8346  -34.275  -47.873  5.696 3.0000000000
6595  37.367  64.880  -26.134 3.0000000000
6596  37.336  66.007  -23.306 3.0000000000
9034  36.616  70.046  -22.420 3.0000000000
721  2.919  55.881  43.010 3.0000000000
722  1.900  48.904  45.999 3.0000000000
5907  2.459  52.443  44.565 3.0000000000
8969  3.378  47.142  47.775 3.0000000000
1830  -8.609  -17.311  58.185 3.0000000000
1831  -12.208  -15.780  54.978 3.0000000000
3565  -12.247  -18.971  53.990 3.0000000000
4023  -10.492  -16.529  56.557 3.0000000000
8119  -9.562  -18.560  57.009 3.0000000000
8120  -11.359  -17.828  55.359 3.0000000000
8121  -13.088  -16.858  53.743 3.0000000000
1717  27.729  -64.946  12.663 3.0000000000
3820  27.807  -68.160  15.378 3.0000000000
3821  27.989  -65.488  15.224 3.0000000000
3822  27.575  -67.670  13.002 3.0000000000
1938  28.004  -43.875  52.834 3.0000000000
4253  27.894  -41.469  54.343 3.0000000000
4254  27.689  -44.020  55.251 3.0000000000
8413  28.107  -41.238  51.903 3.0000000000
212  -31.696  22.519  21.352 3.0000000000
3512  -32.634  23.305  18.969 3.0000000000
3514  -31.190  24.969  20.228 3.0000000000
5853  -30.260  24.369  22.452 3.0000000000
9050  37.241  49.765  8.388 3.0000000000
9077  36.670  48.639  11.408 3.0000000000
2286  -39.019  -20.614  -17.638 3.0000000000
9418  -38.104  -22.537  -13.868 3.0000000000
9419  -38.872  -22.635  -15.781 3.0000000000
9420  -39.505  -22.799  -17.623 3.0000000000
9421  -39.680  -20.666  -19.529 3.0000000000
9731  33.107  -35.242  14.894 3.0000000000
9734  32.729  -37.933  12.786 3.0000000000
4729  27.998  50.178  51.740 3.0000000000
8999  28.315  53.625  49.205 3.0000000000
3015  24.228  44.999  57.973 3.0000000000
3017  25.296  41.849  58.844 3.0000000000
7293  -27.944  32.466  -7.667 3.0000000000
9194  -27.700  35.646  -7.513 3.0000000000
9203  -26.522  36.968  -8.114 3.0000000000
7545  10.159  60.530  45.181 3.0000000000
9921  -40.820  -5.156  -35.631 3.0000000000
9924  -40.833  -4.230  -37.574 3.0000000000
801  34.120  -28.335  16.926 3.0000000000
1614  -2.726  88.357  -39.568 3.0000000000
1207  -35.938  -26.221  -2.823 3.0000000000
3127  -34.851  -24.275  -3.217 3.0000000000
2125  7.440  87.763  20.553 3.0000000000
7689  -12.928  43.048  -20.683 3.0000000000
1073  27.087  -29.050  66.118 3.0000000000
7296  -38.346  10.064  2.386 3.0000000000
6510  -21.305  -35.443  36.133 3.0000000000
