#!ascii label , from subject fsaverage5 vox2ras=TkReg
632
23  37.488  45.567  10.075 3.0000000000
76  30.944  0.618  33.173 3.0000000000
195  32.203  16.492  31.776 3.0000000000
423  38.069  28.118  15.078 3.0000000000
424  35.086  22.958  24.229 3.0000000000
945  35.155  31.607  22.758 3.0000000000
947  31.627  8.658  32.542 3.0000000000
948  33.104  11.611  29.140 3.0000000000
949  32.457  3.317  29.838 3.0000000000
950  33.341  -2.161  27.106 3.0000000000
1312  38.016  19.480  16.780 3.0000000000
1946  36.269  43.148  15.660 3.0000000000
1947  37.893  36.896  12.807 3.0000000000
1948  36.628  34.670  17.694 3.0000000000
1949  36.640  25.994  19.744 3.0000000000
1950  36.408  17.353  21.344 3.0000000000
1952  34.742  14.527  25.423 3.0000000000
1953  35.891  8.304  22.595 3.0000000000
2867  31.280  4.622  32.905 3.0000000000
2868  31.999  6.105  31.266 3.0000000000
2869  31.671  2.140  31.537 3.0000000000
2870  32.062  -0.645  30.195 3.0000000000
3232  37.860  15.051  17.577 3.0000000000
4274  35.686  41.517  18.245 3.0000000000
4275  36.505  38.991  16.592 3.0000000000
4276  35.843  37.308  19.241 3.0000000000
4277  35.118  27.412  23.611 3.0000000000
4278  35.860  29.046  21.317 3.0000000000
4279  35.843  24.493  22.105 3.0000000000
4280  36.587  21.537  20.524 3.0000000000
4281  35.752  20.044  22.801 3.0000000000
4284  32.853  18.358  30.086 3.0000000000
4285  33.614  9.113  27.795 3.0000000000
4286  33.903  13.304  27.351 3.0000000000
4288  35.361  11.838  23.962 3.0000000000
5377  38.015  32.519  13.991 3.0000000000
5379  38.744  29.074  12.525 3.0000000000
6313  31.934  12.559  32.170 3.0000000000
6314  32.599  13.892  30.530 3.0000000000
6315  32.338  9.880  30.849 3.0000000000
6316  32.793  7.487  29.528 3.0000000000
6317  33.300  5.007  28.133 3.0000000000
6318  33.721  1.933  26.848 3.0000000000
6319  32.879  0.732  28.543 3.0000000000
6970  38.096  23.617  15.946 3.0000000000
6971  38.775  24.814  13.482 3.0000000000
6972  38.769  20.191  14.288 3.0000000000
8438  36.927  44.211  12.897 3.0000000000
8440  37.127  40.030  14.138 3.0000000000
8441  37.279  35.695  15.328 3.0000000000
8442  37.368  31.484  16.387 3.0000000000
8443  35.906  33.239  20.237 3.0000000000
8444  36.644  30.359  18.829 3.0000000000
8445  37.415  26.994  17.345 3.0000000000
8446  37.375  22.578  18.248 3.0000000000
8447  37.243  18.451  19.086 3.0000000000
8448  37.012  13.973  19.938 3.0000000000
8452  33.325  15.786  28.803 3.0000000000
8454  34.968  18.708  24.808 3.0000000000
8455  35.578  15.728  23.446 3.0000000000
8456  36.209  12.785  21.964 3.0000000000
8457  36.744  9.485  20.586 3.0000000000
9077  36.670  48.639  11.408 3.0000000000
9078  36.104  47.198  14.301 3.0000000000
9079  35.473  45.977  17.098 3.0000000000
197  35.545  47.150  -39.475 3.0000000000
502  37.731  56.992  -31.881 3.0000000000
521  34.399  66.809  -39.205 3.0000000000
1102  36.658  66.092  -30.737 3.0000000000
1103  38.015  60.376  -26.907 3.0000000000
1146  36.179  62.328  -35.637 3.0000000000
1507  33.504  51.230  -42.697 3.0000000000
2205  33.124  60.764  -42.925 3.0000000000
2206  35.225  57.210  -39.582 3.0000000000
2207  36.938  52.897  -36.164 3.0000000000
3023  36.745  67.438  -28.197 3.0000000000
3472  34.594  49.269  -41.078 3.0000000000
4747  38.119  52.598  -32.232 3.0000000000
4749  38.407  54.196  -29.948 3.0000000000
4875  33.890  63.688  -41.172 3.0000000000
4876  34.222  59.052  -41.301 3.0000000000
4877  34.841  61.944  -39.547 3.0000000000
4878  36.958  59.847  -33.839 3.0000000000
4879  36.642  57.445  -35.929 3.0000000000
4880  37.414  55.164  -34.056 3.0000000000
4881  37.685  50.711  -34.405 3.0000000000
6592  37.253  61.461  -31.396 3.0000000000
6593  37.963  58.624  -29.370 3.0000000000
6594  37.386  63.090  -28.882 3.0000000000
6595  37.367  64.880  -26.134 3.0000000000
6670  35.322  64.503  -37.515 3.0000000000
6671  35.674  66.628  -35.294 3.0000000000
6672  36.501  64.280  -33.222 3.0000000000
7357  32.316  52.643  -44.211 3.0000000000
9177  32.129  57.796  -44.445 3.0000000000
9178  33.352  56.289  -42.890 3.0000000000
9179  34.423  54.363  -41.323 3.0000000000
9180  35.464  52.382  -39.567 3.0000000000
9181  35.781  59.816  -37.751 3.0000000000
9182  36.157  55.028  -37.821 3.0000000000
9183  36.325  50.439  -37.937 3.0000000000
9184  37.172  48.441  -36.148 3.0000000000
132  -26.911  -64.305  -8.373 3.0000000000
404  -22.526  -63.819  20.231 3.0000000000
556  -31.479  -54.424  -11.121 3.0000000000
775  -18.903  -70.664  17.690 3.0000000000
1904  -21.458  -67.181  16.689 3.0000000000
1905  -22.731  -66.724  11.761 3.0000000000
1906  -23.880  -63.641  15.283 3.0000000000
1907  -26.407  -59.871  13.627 3.0000000000
1923  -17.949  -65.823  25.600 3.0000000000
1924  -19.899  -66.785  21.581 3.0000000000
2301  -24.116  -65.417  6.377 3.0000000000
2302  -25.524  -63.851  0.951 3.0000000000
2303  -27.224  -61.765  -4.371 3.0000000000
2306  -29.251  -59.190  -9.705 3.0000000000
3141  -27.958  -62.920  -10.810 3.0000000000
4184  -22.034  -65.472  18.414 3.0000000000
4185  -22.730  -65.338  16.004 3.0000000000
4186  -23.336  -63.693  17.749 3.0000000000
4226  -20.363  -65.022  23.148 3.0000000000
4227  -21.264  -65.342  20.835 3.0000000000
4228  -20.704  -67.102  19.230 3.0000000000
5108  -23.399  -66.159  9.167 3.0000000000
5111  -25.982  -62.377  2.787 3.0000000000
5112  -26.652  -61.633  0.028 3.0000000000
5113  -26.343  -62.820  -1.651 3.0000000000
5114  -27.469  -60.545  -2.436 3.0000000000
5120  -30.499  -55.755  -8.502 3.0000000000
5121  -29.269  -58.286  -7.686 3.0000000000
5122  -30.337  -56.810  -10.267 3.0000000000
6003  -17.982  -70.385  20.065 3.0000000000
8324  -20.998  -68.804  14.748 3.0000000000
8325  -21.601  -68.673  12.314 3.0000000000
8326  -22.154  -66.999  14.160 3.0000000000
8327  -23.354  -65.102  13.378 3.0000000000
8329  -24.568  -62.007  16.988 3.0000000000
8330  -25.131  -61.759  14.522 3.0000000000
8331  -25.754  -61.251  11.781 3.0000000000
8375  -17.464  -67.948  23.917 3.0000000000
8376  -19.491  -64.459  25.145 3.0000000000
8377  -18.917  -66.481  23.648 3.0000000000
8378  -18.504  -68.379  21.908 3.0000000000
8379  -19.442  -68.696  19.652 3.0000000000
8380  -20.247  -68.886  17.221 3.0000000000
9459  -22.284  -68.192  9.838 3.0000000000
9460  -23.035  -67.478  7.140 3.0000000000
9461  -23.761  -66.743  4.371 3.0000000000
9462  -25.232  -63.334  5.455 3.0000000000
9463  -24.872  -64.541  3.573 3.0000000000
9464  -24.436  -66.085  1.665 3.0000000000
9465  -25.268  -65.114  -1.085 3.0000000000
9466  -26.112  -64.086  -3.596 3.0000000000
9467  -27.000  -63.088  -6.257 3.0000000000
9474  -28.357  -59.438  -5.130 3.0000000000
9475  -28.185  -60.604  -7.107 3.0000000000
9476  -28.015  -61.778  -8.789 3.0000000000
9477  -29.102  -60.414  -11.476 3.0000000000
537  -18.056  13.803  -18.963 3.0000000000
538  -18.625  20.254  -27.019 3.0000000000
960  -15.576  31.472  -35.688 3.0000000000
962  -14.810  34.042  -40.268 3.0000000000
1181  -16.230  16.608  -15.998 3.0000000000
1182  -16.190  19.446  -19.333 3.0000000000
1183  -18.340  16.930  -22.738 3.0000000000
1973  -13.582  36.125  -44.330 3.0000000000
2253  -21.097  15.704  -26.687 3.0000000000
2255  -18.596  23.716  -31.447 3.0000000000
2256  -16.010  28.639  -31.392 3.0000000000
2880  -14.433  33.811  -35.727 3.0000000000
2881  -15.271  32.762  -37.992 3.0000000000
2882  -14.087  34.980  -37.828 3.0000000000
4329  -12.988  37.199  -41.911 3.0000000000
4330  -12.314  38.026  -44.004 3.0000000000
4983  -17.023  14.999  -17.323 3.0000000000
4984  -17.029  13.557  -15.775 3.0000000000
4985  -18.022  12.057  -17.191 3.0000000000
4989  -19.350  12.591  -20.555 3.0000000000
4990  -18.468  18.599  -24.796 3.0000000000
4991  -19.697  16.090  -24.652 3.0000000000
4992  -19.824  17.915  -26.830 3.0000000000
4994  -19.994  19.658  -29.158 3.0000000000
4995  -19.993  21.370  -31.319 3.0000000000
4996  -18.648  21.964  -29.180 3.0000000000
4998  -16.102  27.150  -29.202 3.0000000000
6336  -16.868  29.212  -35.896 3.0000000000
6735  -16.111  18.263  -17.576 3.0000000000
6736  -17.057  16.529  -19.038 3.0000000000
6737  -18.243  15.250  -20.823 3.0000000000
6738  -17.180  17.908  -20.853 3.0000000000
6740  -17.296  21.223  -24.885 3.0000000000
6741  -17.383  22.796  -27.067 3.0000000000
8507  -13.557  36.206  -39.879 3.0000000000
8508  -14.224  35.186  -42.275 3.0000000000
8510  -12.722  37.019  -46.478 3.0000000000
9308  -16.345  15.245  -14.527 3.0000000000
9317  -19.458  14.379  -22.489 3.0000000000
9325  -18.501  25.371  -33.762 3.0000000000
9326  -17.316  24.416  -29.046 3.0000000000
9327  -17.225  26.036  -31.202 3.0000000000
9328  -17.097  27.643  -33.544 3.0000000000
9329  -15.892  29.970  -33.542 3.0000000000
9330  -14.703  32.543  -33.552 3.0000000000
203  -41.313  -16.522  -31.491 3.0000000000
290  -39.099  -34.481  -16.321 3.0000000000
558  -38.937  -36.600  -22.969 3.0000000000
559  -40.656  -25.934  -24.457 3.0000000000
1233  -39.981  -30.398  -20.524 3.0000000000
1517  -41.228  -21.501  -31.502 3.0000000000
1674  -37.733  -39.570  -15.191 3.0000000000
2312  -40.042  -32.103  -27.180 3.0000000000
2313  -39.037  -35.416  -19.683 3.0000000000
2314  -40.045  -31.139  -23.939 3.0000000000
2315  -40.771  -26.527  -27.838 3.0000000000
2316  -41.081  -21.366  -28.067 3.0000000000
3488  -41.294  -18.936  -31.471 3.0000000000
3489  -41.357  -19.011  -33.150 3.0000000000
3490  -41.377  -16.582  -33.173 3.0000000000
5134  -38.920  -37.184  -24.736 3.0000000000
5135  -39.537  -34.845  -26.776 3.0000000000
5136  -39.518  -34.412  -24.995 3.0000000000
5137  -38.490  -37.031  -15.819 3.0000000000
5138  -38.386  -37.640  -17.496 3.0000000000
5139  -39.054  -35.010  -17.925 3.0000000000
5140  -40.355  -28.222  -22.658 3.0000000000
5141  -39.999  -30.929  -22.254 3.0000000000
5142  -40.411  -28.516  -24.288 3.0000000000
5143  -40.461  -28.759  -26.014 3.0000000000
5144  -40.727  -26.183  -26.185 3.0000000000
5145  -40.970  -23.899  -28.046 3.0000000000
5146  -40.887  -23.862  -26.322 3.0000000000
5837  -41.272  -14.235  -31.343 3.0000000000
5838  -41.348  -14.324  -32.913 3.0000000000
6827  -39.543  -32.590  -18.406 3.0000000000
6828  -39.911  -30.055  -18.837 3.0000000000
6829  -40.271  -27.851  -20.951 3.0000000000
6830  -40.550  -25.702  -22.751 3.0000000000
7379  -41.090  -24.183  -31.442 3.0000000000
7748  -37.858  -39.026  -13.579 3.0000000000
7749  -38.563  -36.532  -14.122 3.0000000000
9495  -37.608  -40.202  -16.986 3.0000000000
9496  -38.343  -38.079  -19.145 3.0000000000
9497  -38.946  -36.136  -21.255 3.0000000000
9498  -39.584  -32.870  -20.253 3.0000000000
9499  -39.569  -33.356  -21.870 3.0000000000
9500  -39.542  -33.872  -23.399 3.0000000000
9501  -40.058  -31.523  -25.543 3.0000000000
9502  -40.457  -29.321  -27.540 3.0000000000
9503  -40.805  -26.874  -29.494 3.0000000000
9504  -41.019  -24.232  -29.650 3.0000000000
9505  -41.152  -21.627  -29.722 3.0000000000
9506  -41.221  -18.998  -29.815 3.0000000000
9509  -41.227  -16.526  -29.895 3.0000000000
278  -38.888  -27.122  20.653 3.0000000000
541  -36.693  -35.223  24.838 3.0000000000
542  -38.527  -35.706  16.404 3.0000000000
1194  -36.447  -30.660  26.656 3.0000000000
1195  -39.034  -27.726  16.484 3.0000000000
1196  -38.794  -31.711  18.778 3.0000000000
1652  -37.864  -26.530  24.575 3.0000000000
2266  -38.058  -31.188  22.824 3.0000000000
2267  -37.967  -35.535  20.753 3.0000000000
2268  -37.494  -39.451  18.311 3.0000000000
2269  -37.966  -39.218  13.488 3.0000000000
3114  -36.234  -28.438  27.370 3.0000000000
3116  -38.949  -29.659  15.462 3.0000000000
3718  -39.048  -23.565  16.092 3.0000000000
5020  -35.779  -34.920  26.711 3.0000000000
5022  -35.861  -37.064  25.747 3.0000000000
5024  -36.652  -37.401  23.789 3.0000000000
5025  -38.481  -27.038  22.649 3.0000000000
5026  -37.945  -29.035  23.840 3.0000000000
5027  -38.527  -29.261  21.769 3.0000000000
5028  -38.705  -33.769  17.504 3.0000000000
5029  -38.465  -33.508  19.820 3.0000000000
5030  -38.337  -35.544  18.655 3.0000000000
5031  -37.761  -37.560  19.675 3.0000000000
5032  -38.091  -37.557  17.475 3.0000000000
5033  -37.772  -39.442  15.943 3.0000000000
5034  -38.293  -37.482  15.086 3.0000000000
6757  -35.616  -32.624  27.559 3.0000000000
6758  -36.578  -33.064  25.841 3.0000000000
6759  -39.066  -27.432  18.479 3.0000000000
6760  -38.872  -29.433  19.660 3.0000000000
6761  -38.989  -29.787  17.621 3.0000000000
6762  -38.908  -31.772  16.578 3.0000000000
6763  -38.801  -33.591  15.325 3.0000000000
7694  -36.949  -26.407  26.479 3.0000000000
7700  -39.117  -25.108  19.481 3.0000000000
7701  -39.122  -25.490  17.340 3.0000000000
7702  -38.907  -25.670  15.152 3.0000000000
9358  -37.241  -28.543  25.601 3.0000000000
9359  -37.309  -30.954  24.914 3.0000000000
9360  -37.420  -33.089  23.957 3.0000000000
9361  -38.525  -31.411  20.839 3.0000000000
9362  -38.040  -33.319  21.943 3.0000000000
9363  -37.410  -35.348  22.920 3.0000000000
9364  -37.277  -37.457  21.859 3.0000000000
9365  -37.020  -39.548  20.637 3.0000000000
9366  -36.665  -41.476  19.282 3.0000000000
9367  -37.057  -41.382  16.927 3.0000000000
9370  -38.404  -37.147  12.741 3.0000000000
9371  -38.112  -38.684  11.064 3.0000000000
269  -26.965  -9.586  -10.783 3.0000000000
270  -28.051  -2.864  -17.768 3.0000000000
283  -32.723  -16.633  -10.516 3.0000000000
763  -27.160  -12.492  -7.710 3.0000000000
1173  -28.797  0.881  -21.593 3.0000000000
1210  -32.805  -13.107  -13.954 3.0000000000
1637  -30.158  -9.835  -13.978 3.0000000000
1638  -30.686  -6.005  -17.665 3.0000000000
1639  -27.336  -6.434  -14.072 3.0000000000
1661  -32.872  -19.580  -7.132 3.0000000000
1662  -30.063  -16.036  -7.440 3.0000000000
1663  -29.922  -13.097  -10.700 3.0000000000
2240  -31.439  -2.270  -21.386 3.0000000000
3689  -28.577  -9.855  -12.322 3.0000000000
3690  -28.816  -8.102  -14.119 3.0000000000
3691  -27.189  -8.111  -12.436 3.0000000000
3730  -27.078  -11.225  -9.183 3.0000000000
3731  -28.441  -12.885  -9.099 3.0000000000
3732  -28.410  -11.416  -10.640 3.0000000000
3733  -29.945  -11.506  -12.265 3.0000000000
4957  -29.405  -4.546  -17.643 3.0000000000
4958  -31.078  -4.154  -19.525 3.0000000000
4959  -29.684  -2.558  -19.530 3.0000000000
5070  -32.794  -18.247  -8.793 3.0000000000
5071  -34.138  -20.119  -8.662 3.0000000000
5072  -33.996  -18.431  -10.395 3.0000000000
6718  -26.639  -1.147  -17.861 3.0000000000
6719  -28.347  -1.046  -19.557 3.0000000000
6720  -26.961  0.760  -19.780 3.0000000000
6786  -32.805  -14.993  -12.250 3.0000000000
6787  -34.098  -16.714  -12.277 3.0000000000
7661  -31.672  -9.634  -15.678 3.0000000000
7662  -32.055  -7.691  -17.638 3.0000000000
7663  -30.376  -7.866  -15.852 3.0000000000
7664  -28.893  -6.232  -15.770 3.0000000000
7665  -27.627  -4.576  -15.937 3.0000000000
7667  -26.029  -4.675  -14.255 3.0000000000
7668  -26.309  -2.892  -16.064 3.0000000000
7717  -31.500  -17.857  -7.213 3.0000000000
7718  -31.396  -16.406  -8.955 3.0000000000
7719  -28.619  -14.260  -7.618 3.0000000000
7720  -29.920  -14.550  -9.130 3.0000000000
7721  -31.348  -14.773  -10.691 3.0000000000
7722  -31.403  -13.152  -12.336 3.0000000000
7723  -31.502  -11.396  -14.015 3.0000000000
9278  -32.436  -5.764  -19.542 3.0000000000
9281  -30.182  -0.602  -21.601 3.0000000000
25  17.165  62.778  -51.249 3.0000000000
324  11.230  48.556  -52.164 3.0000000000
802  12.955  63.173  -51.139 3.0000000000
803  10.150  56.249  -51.452 3.0000000000
804  14.147  55.742  -51.677 3.0000000000
2436  14.643  47.172  -51.944 3.0000000000
2722  15.069  63.479  -51.232 3.0000000000
2723  13.729  59.580  -51.450 3.0000000000
2724  15.753  59.335  -51.477 3.0000000000
3850  10.876  52.734  -51.823 3.0000000000
3851  9.012  52.890  -51.685 3.0000000000
3852  9.463  49.490  -52.095 3.0000000000
5445  18.162  49.968  -51.420 3.0000000000
5446  16.245  50.795  -51.701 3.0000000000
5447  16.376  46.352  -51.689 3.0000000000
6052  10.739  63.452  -50.850 3.0000000000
6053  9.428  59.718  -51.008 3.0000000000
6054  11.526  59.830  -51.277 3.0000000000
6055  12.188  56.051  -51.620 3.0000000000
6056  12.680  51.901  -51.900 3.0000000000
7887  8.246  56.315  -51.185 3.0000000000
8468  17.809  58.659  -51.388 3.0000000000
9131  14.091  67.166  -50.881 3.0000000000
9864  16.118  55.309  -51.619 3.0000000000
9865  14.605  51.601  -51.834 3.0000000000
9866  12.979  47.969  -52.094 3.0000000000
307  28.238  -21.958  50.663 3.0000000000
787  28.131  -27.951  52.508 3.0000000000
788  28.034  -26.898  47.700 3.0000000000
789  28.093  -32.801  49.310 3.0000000000
1707  28.104  -20.450  46.131 3.0000000000
2106  28.479  -22.892  55.317 3.0000000000
2707  28.087  -31.003  53.330 3.0000000000
2708  28.068  -30.498  51.027 3.0000000000
3804  28.145  -21.273  48.272 3.0000000000
3805  28.070  -29.412  46.156 3.0000000000
3806  28.040  -26.074  45.303 3.0000000000
4632  28.792  -20.559  59.186 3.0000000000
4633  28.716  -20.394  56.829 3.0000000000
4634  28.552  -23.376  57.727 3.0000000000
4635  28.345  -25.936  56.276 3.0000000000
6025  28.177  -25.058  51.630 3.0000000000
6026  28.096  -24.367  49.228 3.0000000000
6027  28.068  -27.507  50.058 3.0000000000
6028  28.052  -29.934  48.484 3.0000000000
6029  28.128  -32.456  46.974 3.0000000000
7823  28.112  -19.752  44.048 3.0000000000
7824  28.047  -23.810  46.760 3.0000000000
7825  28.056  -22.883  44.612 3.0000000000
8883  28.604  -19.770  54.465 3.0000000000
8884  28.365  -22.547  53.117 3.0000000000
8885  28.272  -25.541  53.952 3.0000000000
8886  28.181  -28.548  54.906 3.0000000000
8887  28.080  -31.362  55.748 3.0000000000
8913  28.015  -31.537  58.183 3.0000000000
506  35.919  62.234  3.785 3.0000000000
1107  35.606  71.167  -6.559 3.0000000000
1108  36.675  63.683  -2.731 3.0000000000
1109  34.976  70.017  0.173 3.0000000000
3027  34.778  74.355  -5.136 3.0000000000
3028  35.328  70.546  -3.172 3.0000000000
3029  34.503  73.703  -1.824 3.0000000000
4765  36.308  63.066  0.577 3.0000000000
6600  35.847  71.544  -9.737 3.0000000000
6603  36.109  67.516  -4.391 3.0000000000
6604  35.799  66.962  -1.216 3.0000000000
6605  35.494  65.947  2.056 3.0000000000
9069  34.172  72.804  1.848 3.0000000000
9070  34.646  69.062  3.507 3.0000000000
9071  35.080  65.143  5.319 3.0000000000
111  30.473  42.363  45.787 3.0000000000
1120  30.731  48.643  41.014 3.0000000000
1122  30.937  40.963  41.387 3.0000000000
1124  30.669  34.928  45.513 3.0000000000
1609  30.294  55.967  40.258 3.0000000000
2148  30.289  35.974  49.769 3.0000000000
3040  30.590  45.376  43.566 3.0000000000
3041  30.861  44.845  41.255 3.0000000000
3042  30.720  41.859  43.561 3.0000000000
3043  30.794  38.228  43.470 3.0000000000
3044  30.600  38.576  45.778 3.0000000000
3641  30.007  59.874  39.361 3.0000000000
3643  30.181  52.831  42.835 3.0000000000
7596  30.548  52.309  40.659 3.0000000000
7597  30.427  49.091  43.196 3.0000000000
7598  30.277  46.072  45.716 3.0000000000
9012  30.374  39.043  47.926 3.0000000000
9013  30.507  35.397  47.692 3.0000000000
56  12.588  105.790  -27.834 3.0000000000
1867  8.793  105.854  -22.906 3.0000000000
1870  13.905  107.425  -21.619 3.0000000000
1871  18.616  107.674  -19.999 3.0000000000
4109  12.287  107.315  -19.210 3.0000000000
4110  14.788  107.818  -18.524 3.0000000000
4111  16.389  107.694  -21.169 3.0000000000
4112  16.972  107.983  -17.535 3.0000000000
7610  15.130  106.284  -27.345 3.0000000000
8221  10.675  106.016  -25.393 3.0000000000
8228  9.812  106.533  -19.799 3.0000000000
8229  11.427  106.798  -22.333 3.0000000000
8230  13.228  106.753  -24.802 3.0000000000
8231  15.770  107.162  -24.187 3.0000000000
299  27.412  -70.543  13.062 3.0000000000
780  27.169  -75.804  13.032 3.0000000000
1693  26.808  -74.516  8.412 3.0000000000
3779  27.142  -69.894  10.634 3.0000000000
3780  26.762  -71.943  8.197 3.0000000000
3781  27.071  -72.614  10.744 3.0000000000
3782  27.052  -78.330  13.221 3.0000000000
3783  26.993  -77.969  10.791 3.0000000000
3820  27.807  -68.160  15.378 3.0000000000
3822  27.575  -67.670  13.002 3.0000000000
6011  27.634  -70.922  15.590 3.0000000000
6012  27.299  -73.083  13.181 3.0000000000
6013  27.424  -73.741  15.487 3.0000000000
6014  27.240  -76.255  15.637 3.0000000000
7790  26.493  -73.751  5.977 3.0000000000
7792  27.030  -75.279  10.747 3.0000000000
183  -34.621  7.441  -0.618 3.0000000000
911  -32.025  2.360  -0.594 3.0000000000
1899  -35.336  2.303  1.913 3.0000000000
1900  -32.896  -2.424  1.606 3.0000000000
4170  -36.146  7.563  0.634 3.0000000000
4171  -36.547  5.076  2.005 3.0000000000
4172  -35.085  4.889  0.700 3.0000000000
4173  -30.793  -0.034  -0.583 3.0000000000
4174  -32.524  -0.119  0.569 3.0000000000
4175  -31.104  -2.539  0.366 3.0000000000
4176  -31.733  -4.816  1.453 3.0000000000
6247  -33.415  4.931  -0.579 3.0000000000
6248  -31.744  5.138  -1.691 3.0000000000
6249  -30.357  2.666  -1.669 3.0000000000
8309  -35.675  -0.029  3.147 3.0000000000
8310  -33.827  2.359  0.644 3.0000000000
8311  -34.155  -0.131  1.809 3.0000000000
8312  -34.529  -2.594  3.021 3.0000000000
699  -1.168  51.781  42.625 3.0000000000
722  1.900  48.904  45.999 3.0000000000
2617  -3.531  46.818  43.703 3.0000000000
2619  -1.558  48.465  44.095 3.0000000000
2641  0.408  50.525  44.266 3.0000000000
2642  0.070  47.079  45.764 3.0000000000
5906  0.853  53.884  42.776 3.0000000000
8968  1.420  45.105  47.521 3.0000000000
8969  3.378  47.142  47.775 3.0000000000
118  6.072  88.000  -44.614 3.0000000000
1130  4.638  81.684  -46.237 3.0000000000
3050  5.418  84.940  -45.558 3.0000000000
3051  7.283  82.551  -46.939 3.0000000000
3052  8.042  85.976  -46.078 3.0000000000
6643  5.651  75.895  -47.869 3.0000000000
6644  6.443  79.291  -47.473 3.0000000000
6645  8.988  79.934  -48.079 3.0000000000
412  -19.078  -61.390  28.371 3.0000000000
924  -15.939  -50.767  34.929 3.0000000000
1920  -17.891  -54.048  33.032 3.0000000000
1921  -16.975  -58.924  31.387 3.0000000000
4215  -20.125  -50.629  33.181 3.0000000000
4216  -18.446  -51.570  33.616 3.0000000000
4217  -19.489  -53.125  32.603 3.0000000000
4219  -18.537  -57.804  31.038 3.0000000000
4220  -18.137  -60.185  29.940 3.0000000000
4222  -17.444  -62.548  28.862 3.0000000000
6271  -14.431  -51.630  35.380 3.0000000000
8364  -17.416  -49.983  34.510 3.0000000000
8365  -16.828  -52.449  34.055 3.0000000000
8367  -18.975  -55.525  31.884 3.0000000000
8368  -17.497  -56.422  32.284 3.0000000000
68  -12.766  -65.523  29.761 3.0000000000
1247  -9.594  -67.211  30.021 3.0000000000
2330  -8.505  -72.072  26.317 3.0000000000
3165  -11.646  -64.155  31.236 3.0000000000
3166  -10.161  -64.987  31.366 3.0000000000
3167  -11.193  -66.519  29.829 3.0000000000
5184  -10.134  -71.289  26.330 3.0000000000
6852  -8.575  -65.676  31.565 3.0000000000
6853  -7.973  -68.108  29.982 3.0000000000
7768  -12.314  -67.893  28.195 3.0000000000
9548  -10.613  -68.852  28.262 3.0000000000
9549  -9.002  -69.678  28.269 3.0000000000
9550  -7.417  -70.359  28.305 3.0000000000
1271  22.517  -98.161  4.345 3.0000000000
1272  22.053  -101.781  -1.905 3.0000000000
3191  20.710  -101.385  0.227 3.0000000000
5253  23.675  -98.375  2.265 3.0000000000
6894  19.646  -98.728  5.569 3.0000000000
6895  21.270  -97.696  6.336 3.0000000000
6896  20.993  -99.488  3.509 3.0000000000
6897  22.242  -100.095  1.229 3.0000000000
6898  23.508  -100.173  -0.813 3.0000000000
48  -6.936  -21.425  58.772 3.0000000000
1564  -10.470  -19.864  55.664 3.0000000000
1565  -8.734  -24.057  55.865 3.0000000000
2965  -5.071  -22.163  60.300 3.0000000000
2967  -6.027  -23.512  58.991 3.0000000000
7486  -8.795  -20.542  57.201 3.0000000000
7487  -7.875  -22.613  57.430 3.0000000000
7488  -9.588  -22.024  55.800 3.0000000000
7489  -10.500  -23.123  54.213 3.0000000000
8118  -7.642  -19.408  58.645 3.0000000000
8119  -9.562  -18.560  57.009 3.0000000000
2097  30.060  16.264  46.046 3.0000000000
4614  30.079  16.078  47.839 3.0000000000
4615  29.921  13.488  46.825 3.0000000000
4616  29.947  13.002  48.780 3.0000000000
4745  30.224  18.974  48.838 3.0000000000
4746  30.207  18.894  46.851 3.0000000000
8859  30.051  16.428  44.453 3.0000000000
8861  29.907  13.832  45.083 3.0000000000
9020  30.197  18.911  45.071 3.0000000000
9021  30.188  18.666  43.538 3.0000000000
731  29.052  76.545  29.916 3.0000000000
1605  30.274  74.944  25.671 3.0000000000
3633  29.555  72.984  31.265 3.0000000000
3634  29.726  75.821  27.739 3.0000000000
3635  30.129  72.191  29.138 3.0000000000
489  27.063  -23.812  68.241 3.0000000000
1073  27.087  -29.050  66.118 3.0000000000
4652  27.685  -21.180  67.606 3.0000000000
4654  27.697  -24.006  66.504 3.0000000000
6536  26.311  -26.494  68.813 3.0000000000
6537  27.067  -26.494  67.278 3.0000000000
6538  26.354  -29.123  67.835 3.0000000000
8909  27.665  -26.511  65.375 3.0000000000
1208  -37.277  -27.440  -6.117 3.0000000000
2281  -38.250  -31.661  -5.295 3.0000000000
5063  -38.197  -32.941  -3.233 3.0000000000
5064  -37.906  -30.910  -3.669 3.0000000000
5065  -37.197  -25.766  -8.186 3.0000000000
5066  -37.914  -27.902  -7.993 3.0000000000
6782  -37.344  -28.821  -4.020 3.0000000000
9406  -37.888  -29.509  -5.795 3.0000000000
9407  -38.330  -30.052  -7.508 3.0000000000
1048  -11.343  -29.595  48.655 3.0000000000
2968  -11.885  -31.028  46.681 3.0000000000
2969  -10.529  -31.703  48.269 3.0000000000
6494  -9.906  -30.409  50.252 3.0000000000
7495  -12.798  -28.624  47.190 3.0000000000
7496  -13.182  -30.182  45.393 3.0000000000
222  -26.233  -11.452  39.162 3.0000000000
702  -23.183  -12.931  42.420 3.0000000000
3538  -25.308  -13.501  39.804 3.0000000000
5869  -23.792  -14.275  41.313 3.0000000000
5870  -24.734  -12.087  40.767 3.0000000000
8725  -24.071  -10.826  41.786 3.0000000000
8726  -25.621  -9.999  40.057 3.0000000000
1093  21.505  46.918  57.517 3.0000000000
4720  19.153  55.990  52.534 3.0000000000
6575  20.122  49.630  56.044 3.0000000000
6576  20.504  53.651  54.063 3.0000000000
452  -36.885  25.444  3.244 3.0000000000
2014  -35.312  29.162  1.219 3.0000000000
4413  -36.188  27.147  0.371 3.0000000000
4414  -36.113  27.374  2.220 3.0000000000
6393  -35.950  27.307  4.225 3.0000000000
8615  -35.347  28.871  -0.436 3.0000000000
8617  -35.104  29.320  3.169 3.0000000000
1669  -32.401  -50.975  4.777 3.0000000000
3742  -33.662  -48.857  3.905 3.0000000000
7735  -31.165  -52.953  5.780 3.0000000000
8345  -33.117  -49.854  6.505 3.0000000000
392  -18.927  70.605  3.840 3.0000000000
8243  -18.094  70.410  6.152 3.0000000000
8246  -17.711  73.206  4.005 3.0000000000
5515  -24.672  24.943  -46.663 3.0000000000
7053  -23.993  26.435  -49.267 3.0000000000
9949  -25.763  24.970  -49.234 3.0000000000
579  29.009  -4.522  39.682 3.0000000000
5290  28.996  -2.508  41.109 3.0000000000
5291  29.265  1.285  40.662 3.0000000000
7375  -9.956  42.354  -43.272 3.0000000000
7376  -9.129  42.857  -44.976 3.0000000000
9136  2.598  99.220  -33.461 3.0000000000
2188  6.147  69.685  -48.985 3.0000000000
3417  0.337  94.424  3.988 3.0000000000
2208  -33.159  31.259  -3.654 3.0000000000
4884  -33.394  32.132  -2.246 3.0000000000
6752  -11.029  52.672  -28.855 3.0000000000
4903  -21.114  47.955  -11.929 3.0000000000
1916  -7.374  -55.312  38.261 3.0000000000
5353  24.296  -61.570  -6.147 3.0000000000
2935  -24.175  -28.546  36.314 3.0000000000
