#!ascii label , from subject fsaverage5 vox2ras=TkReg
486
98  -35.962  -26.133  28.038 3.0000000000
269  -26.965  -9.586  -10.783 3.0000000000
270  -28.051  -2.864  -17.768 3.0000000000
281  -31.324  -18.533  0.789 3.0000000000
283  -32.723  -16.633  -10.516 3.0000000000
467  -37.650  -8.906  25.392 3.0000000000
541  -36.693  -35.223  24.838 3.0000000000
542  -38.527  -35.706  16.404 3.0000000000
543  -38.313  -34.030  6.912 3.0000000000
545  -35.925  -26.097  3.683 3.0000000000
546  -37.501  -30.090  -2.098 3.0000000000
763  -27.160  -12.492  -7.710 3.0000000000
771  -38.299  -35.848  -4.579 3.0000000000
1021  -36.243  -12.853  28.019 3.0000000000
1194  -36.447  -30.660  26.656 3.0000000000
1196  -38.794  -31.711  18.778 3.0000000000
1198  -38.612  -35.075  11.718 3.0000000000
1204  -33.794  -22.282  2.293 3.0000000000
1207  -35.938  -26.221  -2.823 3.0000000000
1208  -37.277  -27.440  -6.117 3.0000000000
1209  -35.459  -23.488  -6.697 3.0000000000
1210  -32.805  -13.107  -13.954 3.0000000000
1211  -35.319  -16.671  -14.002 3.0000000000
1637  -30.158  -9.835  -13.978 3.0000000000
1638  -30.686  -6.005  -17.665 3.0000000000
1661  -32.872  -19.580  -7.132 3.0000000000
1662  -30.063  -16.036  -7.440 3.0000000000
1663  -29.922  -13.097  -10.700 3.0000000000
2049  -37.020  -17.394  26.952 3.0000000000
2050  -38.327  -13.280  24.376 3.0000000000
2240  -31.439  -2.270  -21.386 3.0000000000
2266  -38.058  -31.188  22.824 3.0000000000
2267  -37.967  -35.535  20.753 3.0000000000
2269  -37.966  -39.218  13.488 3.0000000000
2270  -38.148  -38.227  8.659 3.0000000000
2271  -38.172  -36.546  3.639 3.0000000000
2277  -37.296  -27.150  7.830 3.0000000000
2278  -37.573  -30.139  5.423 3.0000000000
2279  -37.890  -32.364  2.276 3.0000000000
2280  -38.180  -34.252  -1.088 3.0000000000
2284  -35.201  -20.235  -10.359 3.0000000000
2691  -38.085  -37.163  -2.185 3.0000000000
3113  -35.347  -30.422  28.327 3.0000000000
3114  -36.234  -28.438  27.370 3.0000000000
3128  -35.652  -24.921  -4.752 3.0000000000
3689  -28.577  -9.855  -12.322 3.0000000000
3690  -28.816  -8.102  -14.119 3.0000000000
3691  -27.189  -8.111  -12.436 3.0000000000
3730  -27.078  -11.225  -9.183 3.0000000000
3731  -28.441  -12.885  -9.099 3.0000000000
3732  -28.410  -11.416  -10.640 3.0000000000
3733  -29.945  -11.506  -12.265 3.0000000000
4496  -36.232  -19.530  28.097 3.0000000000
4498  -37.063  -10.979  26.627 3.0000000000
4499  -37.385  -13.215  26.241 3.0000000000
4500  -38.022  -11.088  24.899 3.0000000000
4957  -29.405  -4.546  -17.643 3.0000000000
4958  -31.078  -4.154  -19.525 3.0000000000
4959  -29.684  -2.558  -19.530 3.0000000000
5024  -36.652  -37.401  23.789 3.0000000000
5026  -37.945  -29.035  23.840 3.0000000000
5027  -38.527  -29.261  21.769 3.0000000000
5028  -38.705  -33.769  17.504 3.0000000000
5029  -38.465  -33.508  19.820 3.0000000000
5030  -38.337  -35.544  18.655 3.0000000000
5031  -37.761  -37.560  19.675 3.0000000000
5032  -38.091  -37.557  17.475 3.0000000000
5033  -37.772  -39.442  15.943 3.0000000000
5034  -38.293  -37.482  15.086 3.0000000000
5035  -38.484  -34.753  9.236 3.0000000000
5036  -38.413  -36.756  10.297 3.0000000000
5037  -38.358  -36.121  7.744 3.0000000000
5038  -38.178  -37.406  6.110 3.0000000000
5039  -38.264  -35.333  5.277 3.0000000000
5050  -32.412  -18.944  2.445 3.0000000000
5051  -34.976  -24.268  3.065 3.0000000000
5052  -34.713  -22.859  4.078 3.0000000000
5053  -35.772  -24.814  4.990 3.0000000000
5054  -36.547  -25.304  6.851 3.0000000000
5055  -36.602  -26.665  5.706 3.0000000000
5056  -37.390  -28.695  6.620 3.0000000000
5057  -36.843  -28.060  4.630 3.0000000000
5061  -38.053  -33.356  0.631 3.0000000000
5062  -37.965  -32.157  -1.613 3.0000000000
5063  -38.197  -32.941  -3.233 3.0000000000
5064  -37.906  -30.910  -3.669 3.0000000000
5065  -37.197  -25.766  -8.186 3.0000000000
5070  -32.794  -18.247  -8.793 3.0000000000
5071  -34.138  -20.119  -8.662 3.0000000000
5072  -33.996  -18.431  -10.395 3.0000000000
5957  -25.742  -9.449  -9.369 3.0000000000
5983  -25.782  -10.664  -7.907 3.0000000000
5996  -38.276  -36.579  -6.317 3.0000000000
6443  -35.506  -15.016  29.102 3.0000000000
6445  -35.769  -10.886  28.543 3.0000000000
6446  -36.580  -8.930  27.175 3.0000000000
6719  -28.347  -1.046  -19.557 3.0000000000
6758  -36.578  -33.064  25.841 3.0000000000
6762  -38.908  -31.772  16.578 3.0000000000
6763  -38.801  -33.591  15.325 3.0000000000
6764  -38.641  -35.377  14.138 3.0000000000
6765  -38.756  -33.380  13.151 3.0000000000
6766  -38.589  -33.174  10.766 3.0000000000
6767  -38.358  -32.726  8.554 3.0000000000
6774  -32.531  -20.305  1.537 3.0000000000
6781  -36.791  -28.074  -2.432 3.0000000000
6782  -37.344  -28.821  -4.020 3.0000000000
6783  -36.567  -26.798  -4.376 3.0000000000
6784  -36.428  -25.416  -6.348 3.0000000000
6785  -36.282  -23.742  -8.347 3.0000000000
6786  -32.805  -14.993  -12.250 3.0000000000
6787  -34.098  -16.714  -12.277 3.0000000000
7663  -30.376  -7.866  -15.852 3.0000000000
7664  -28.893  -6.232  -15.770 3.0000000000
7693  -36.818  -23.971  26.955 3.0000000000
7694  -36.949  -26.407  26.479 3.0000000000
7711  -30.235  -17.725  -0.761 3.0000000000
7717  -31.500  -17.857  -7.213 3.0000000000
7718  -31.396  -16.406  -8.955 3.0000000000
7719  -28.619  -14.260  -7.618 3.0000000000
7720  -29.920  -14.550  -9.130 3.0000000000
7721  -31.348  -14.773  -10.691 3.0000000000
7722  -31.403  -13.152  -12.336 3.0000000000
7723  -31.502  -11.396  -14.015 3.0000000000
8715  -36.522  -21.722  27.576 3.0000000000
8718  -36.652  -15.080  27.517 3.0000000000
8719  -37.706  -15.333  25.732 3.0000000000
8744  -37.213  -6.844  25.875 3.0000000000
9278  -32.436  -5.764  -19.542 3.0000000000
9279  -32.788  -3.821  -21.429 3.0000000000
9280  -33.114  -1.812  -23.368 3.0000000000
9281  -30.182  -0.602  -21.601 3.0000000000
9282  -31.763  -0.136  -23.445 3.0000000000
9358  -37.241  -28.543  25.601 3.0000000000
9359  -37.309  -30.954  24.914 3.0000000000
9360  -37.420  -33.089  23.957 3.0000000000
9361  -38.525  -31.411  20.839 3.0000000000
9362  -38.040  -33.319  21.943 3.0000000000
9363  -37.410  -35.348  22.920 3.0000000000
9364  -37.277  -37.457  21.859 3.0000000000
9370  -38.404  -37.147  12.741 3.0000000000
9371  -38.112  -38.684  11.064 3.0000000000
9373  -37.863  -39.408  6.937 3.0000000000
9374  -37.939  -38.649  4.415 3.0000000000
9375  -38.037  -37.627  1.976 3.0000000000
9388  -33.552  -20.864  3.219 3.0000000000
9394  -37.897  -29.053  8.776 3.0000000000
9395  -37.990  -30.672  7.689 3.0000000000
9396  -38.060  -32.063  6.325 3.0000000000
9399  -38.114  -33.315  4.616 3.0000000000
9400  -38.157  -34.417  2.928 3.0000000000
9401  -38.171  -35.503  1.261 3.0000000000
9402  -38.149  -36.332  -0.465 3.0000000000
9403  -38.258  -35.074  -2.729 3.0000000000
9406  -37.888  -29.509  -5.795 3.0000000000
9412  -34.216  -21.525  -6.877 3.0000000000
9413  -35.224  -21.813  -8.526 3.0000000000
9414  -36.247  -22.138  -10.189 3.0000000000
9415  -35.294  -18.550  -12.235 3.0000000000
80  -13.316  36.364  -35.585 3.0000000000
82  -6.723  41.992  -50.233 3.0000000000
201  -11.051  40.145  -43.729 3.0000000000
536  -18.008  7.659  -12.467 3.0000000000
537  -18.056  13.803  -18.963 3.0000000000
538  -18.625  20.254  -27.019 3.0000000000
960  -15.576  31.472  -35.688 3.0000000000
962  -14.810  34.042  -40.268 3.0000000000
963  -9.175  41.434  -47.086 3.0000000000
964  -11.662  37.876  -48.197 3.0000000000
965  -9.322  38.728  -51.628 3.0000000000
1178  -18.463  5.150  -10.052 3.0000000000
1181  -16.230  16.608  -15.998 3.0000000000
1182  -16.190  19.446  -19.333 3.0000000000
1183  -18.340  16.930  -22.738 3.0000000000
1184  -16.212  22.464  -23.037 3.0000000000
1185  -16.181  25.546  -27.060 3.0000000000
1512  -11.488  41.543  -35.498 3.0000000000
1513  -12.388  38.535  -39.678 3.0000000000
1514  -10.439  43.210  -39.475 3.0000000000
1973  -13.582  36.125  -44.330 3.0000000000
2246  -20.105  -0.186  -9.314 3.0000000000
2247  -19.788  2.472  -11.942 3.0000000000
2248  -19.886  5.478  -15.039 3.0000000000
2250  -17.880  10.740  -15.519 3.0000000000
2251  -20.310  8.561  -18.545 3.0000000000
2255  -18.596  23.716  -31.447 3.0000000000
2256  -16.010  28.639  -31.392 3.0000000000
2257  -13.850  33.982  -31.406 3.0000000000
2260  -12.161  39.633  -31.682 3.0000000000
2880  -14.433  33.811  -35.727 3.0000000000
2881  -15.271  32.762  -37.992 3.0000000000
2882  -14.087  34.980  -37.828 3.0000000000
2883  -8.031  41.745  -48.789 3.0000000000
2884  -9.163  40.096  -49.378 3.0000000000
2885  -7.974  40.239  -50.976 3.0000000000
2886  -7.992  38.897  -52.979 3.0000000000
2887  -6.601  40.394  -52.201 3.0000000000
3103  -16.167  21.002  -21.079 3.0000000000
3481  -11.056  42.304  -37.520 3.0000000000
4328  -11.752  39.465  -41.733 3.0000000000
4329  -12.988  37.199  -41.911 3.0000000000
4330  -12.314  38.026  -44.004 3.0000000000
4973  -20.448  -1.321  -8.159 3.0000000000
4974  -19.574  1.341  -8.623 3.0000000000
4975  -18.188  6.367  -11.236 3.0000000000
4976  -18.939  3.784  -10.904 3.0000000000
4977  -18.899  4.936  -12.302 3.0000000000
4979  -18.781  6.473  -13.627 3.0000000000
4983  -17.023  14.999  -17.323 3.0000000000
4984  -17.029  13.557  -15.775 3.0000000000
4985  -18.022  12.057  -17.191 3.0000000000
4986  -18.992  9.394  -16.877 3.0000000000
4987  -19.099  11.037  -18.609 3.0000000000
4988  -20.485  10.297  -20.415 3.0000000000
4989  -19.350  12.591  -20.555 3.0000000000
4990  -18.468  18.599  -24.796 3.0000000000
4991  -19.697  16.090  -24.652 3.0000000000
4992  -19.824  17.915  -26.830 3.0000000000
4994  -19.994  19.658  -29.158 3.0000000000
4996  -18.648  21.964  -29.180 3.0000000000
4997  -15.141  28.376  -27.198 3.0000000000
4998  -16.102  27.150  -29.202 3.0000000000
4999  -14.988  29.965  -29.308 3.0000000000
5000  -14.826  31.344  -31.318 3.0000000000
5008  -12.384  38.709  -29.627 3.0000000000
5010  -11.445  42.642  -31.962 3.0000000000
6336  -16.868  29.212  -35.896 3.0000000000
6341  -10.150  40.911  -45.421 3.0000000000
6342  -11.385  38.885  -45.963 3.0000000000
6343  -10.302  39.629  -47.729 3.0000000000
6344  -10.536  38.438  -49.949 3.0000000000
6731  -17.461  9.356  -11.584 3.0000000000
6735  -16.111  18.263  -17.576 3.0000000000
6736  -17.057  16.529  -19.038 3.0000000000
6737  -18.243  15.250  -20.823 3.0000000000
6738  -17.180  17.908  -20.853 3.0000000000
6739  -17.226  19.573  -22.791 3.0000000000
6740  -17.296  21.223  -24.885 3.0000000000
6741  -17.383  22.796  -27.067 3.0000000000
6742  -16.222  23.985  -25.036 3.0000000000
6743  -15.171  26.962  -25.036 3.0000000000
7368  -12.318  38.993  -35.640 3.0000000000
7369  -12.943  37.409  -37.630 3.0000000000
7370  -11.901  39.956  -37.528 3.0000000000
7371  -11.385  40.810  -39.515 3.0000000000
7372  -10.721  41.648  -41.437 3.0000000000
7375  -9.956  42.354  -43.272 3.0000000000
7376  -9.129  42.857  -44.976 3.0000000000
7377  -8.042  43.408  -46.660 3.0000000000
8507  -13.557  36.206  -39.879 3.0000000000
8508  -14.224  35.186  -42.275 3.0000000000
8510  -12.722  37.019  -46.478 3.0000000000
9299  -19.229  2.401  -9.720 3.0000000000
9300  -19.854  1.189  -10.597 3.0000000000
9307  -17.265  10.547  -12.837 3.0000000000
9308  -16.345  15.245  -14.527 3.0000000000
9309  -17.053  12.201  -14.221 3.0000000000
9310  -17.912  9.190  -13.990 3.0000000000
9311  -18.882  7.852  -15.209 3.0000000000
9312  -20.043  7.115  -16.792 3.0000000000
9317  -19.458  14.379  -22.489 3.0000000000
9325  -18.501  25.371  -33.762 3.0000000000
9326  -17.316  24.416  -29.046 3.0000000000
9327  -17.225  26.036  -31.202 3.0000000000
9328  -17.097  27.643  -33.544 3.0000000000
9329  -15.892  29.970  -33.542 3.0000000000
9330  -14.703  32.543  -33.552 3.0000000000
9331  -13.624  35.213  -33.607 3.0000000000
9339  -12.922  36.854  -31.383 3.0000000000
9340  -12.702  37.821  -33.564 3.0000000000
9341  -11.858  40.619  -33.569 3.0000000000
260  27.417  97.489  -32.336 3.0000000000
1620  26.771  94.077  -37.929 3.0000000000
1621  28.895  87.369  -40.322 3.0000000000
1622  29.635  91.400  -35.052 3.0000000000
3660  27.072  95.981  -35.286 3.0000000000
3661  28.319  92.876  -36.507 3.0000000000
3662  28.555  94.685  -33.665 3.0000000000
4868  30.333  85.721  -38.848 3.0000000000
5941  28.906  95.803  -30.661 3.0000000000
7620  26.159  92.035  -40.507 3.0000000000
7621  27.387  88.498  -41.634 3.0000000000
7622  27.874  90.943  -39.172 3.0000000000
7623  29.384  89.352  -37.857 3.0000000000
7624  30.700  87.738  -36.143 3.0000000000
7625  29.885  92.845  -32.169 3.0000000000
7626  30.889  89.540  -33.300 3.0000000000
203  -41.313  -16.522  -31.491 3.0000000000
559  -40.656  -25.934  -24.457 3.0000000000
683  -41.175  -12.365  -31.038 3.0000000000
1517  -41.228  -21.501  -31.502 3.0000000000
1519  -41.431  -16.313  -34.824 3.0000000000
2315  -40.771  -26.527  -27.838 3.0000000000
2316  -41.081  -21.366  -28.067 3.0000000000
3488  -41.294  -18.936  -31.471 3.0000000000
3489  -41.357  -19.011  -33.150 3.0000000000
3490  -41.377  -16.582  -33.173 3.0000000000
5140  -40.355  -28.222  -22.658 3.0000000000
5141  -39.999  -30.929  -22.254 3.0000000000
5142  -40.411  -28.516  -24.288 3.0000000000
5143  -40.461  -28.759  -26.014 3.0000000000
5144  -40.727  -26.183  -26.185 3.0000000000
5145  -40.970  -23.899  -28.046 3.0000000000
5146  -40.887  -23.862  -26.322 3.0000000000
5837  -41.272  -14.235  -31.343 3.0000000000
5838  -41.348  -14.324  -32.913 3.0000000000
6831  -40.784  -23.535  -24.587 3.0000000000
7379  -41.090  -24.183  -31.442 3.0000000000
7381  -41.287  -21.572  -33.202 3.0000000000
7382  -41.409  -19.087  -34.842 3.0000000000
9504  -41.019  -24.232  -29.650 3.0000000000
9505  -41.152  -21.627  -29.722 3.0000000000
9506  -41.221  -18.998  -29.815 3.0000000000
9508  -41.129  -18.813  -28.263 3.0000000000
9509  -41.227  -16.526  -29.895 3.0000000000
403  -29.457  -2.241  -0.759 3.0000000000
911  -32.025  2.360  -0.594 3.0000000000
912  -28.602  2.854  -2.623 3.0000000000
1481  -37.531  7.521  2.173 3.0000000000
1899  -35.336  2.303  1.913 3.0000000000
1900  -32.896  -2.424  1.606 3.0000000000
2833  -26.860  3.396  -3.571 3.0000000000
4170  -36.146  7.563  0.634 3.0000000000
4171  -36.547  5.076  2.005 3.0000000000
4172  -35.085  4.889  0.700 3.0000000000
4173  -30.793  -0.034  -0.583 3.0000000000
4174  -32.524  -0.119  0.569 3.0000000000
4175  -31.104  -2.539  0.366 3.0000000000
6247  -33.415  4.931  -0.579 3.0000000000
6248  -31.744  5.138  -1.691 3.0000000000
6249  -30.357  2.666  -1.669 3.0000000000
6250  -29.070  0.331  -1.678 3.0000000000
8309  -35.675  -0.029  3.147 3.0000000000
8310  -33.827  2.359  0.644 3.0000000000
8311  -34.155  -0.131  1.809 3.0000000000
8312  -34.529  -2.594  3.021 3.0000000000
1141  26.110  75.875  -47.629 3.0000000000
2200  23.860  69.095  -49.644 3.0000000000
2201  27.461  66.966  -48.124 3.0000000000
3061  25.998  83.191  -45.542 3.0000000000
4862  23.119  73.510  -49.338 3.0000000000
4863  27.890  74.709  -46.661 3.0000000000
4864  26.971  71.600  -47.885 3.0000000000
4865  28.600  70.308  -46.902 3.0000000000
6661  24.235  76.564  -48.402 3.0000000000
6662  25.147  79.892  -47.166 3.0000000000
6663  27.003  79.201  -46.179 3.0000000000
9163  25.132  72.711  -48.703 3.0000000000
9164  25.787  68.409  -48.925 3.0000000000
406  -27.885  -56.969  17.029 3.0000000000
916  -26.755  -56.945  21.809 3.0000000000
1484  -26.513  -52.167  28.326 3.0000000000
1485  -28.175  -53.397  24.637 3.0000000000
1909  -29.510  -53.756  20.245 3.0000000000
2834  -24.450  -58.265  24.784 3.0000000000
2835  -25.237  -58.591  22.687 3.0000000000
2836  -25.963  -56.752  24.052 3.0000000000
4187  -26.571  -58.644  18.025 3.0000000000
4192  -29.587  -51.943  23.874 3.0000000000
4193  -28.873  -53.701  22.493 3.0000000000
4194  -30.223  -52.157  21.750 3.0000000000
6256  -24.578  -60.397  21.053 3.0000000000
6257  -26.015  -58.618  20.406 3.0000000000
6258  -27.378  -57.020  19.463 3.0000000000
7305  -26.739  -54.742  25.419 3.0000000000
7306  -27.416  -52.770  26.676 3.0000000000
8335  -27.394  -55.236  23.394 3.0000000000
8336  -28.169  -55.283  21.142 3.0000000000
8337  -28.638  -55.448  18.756 3.0000000000
8338  -30.831  -52.084  19.586 3.0000000000
23  37.488  45.567  10.075 3.0000000000
1946  36.269  43.148  15.660 3.0000000000
4275  36.505  38.991  16.592 3.0000000000
8438  36.927  44.211  12.897 3.0000000000
8439  37.737  41.125  11.494 3.0000000000
8440  37.127  40.030  14.138 3.0000000000
9077  36.670  48.639  11.408 3.0000000000
9078  36.104  47.198  14.301 3.0000000000
556  -31.479  -54.424  -11.121 3.0000000000
2306  -29.251  -59.190  -9.705 3.0000000000
2307  -31.318  -56.414  -14.626 3.0000000000
5120  -30.499  -55.755  -8.502 3.0000000000
5121  -29.269  -58.286  -7.686 3.0000000000
5122  -30.337  -56.810  -10.267 3.0000000000
5123  -30.294  -57.761  -12.108 3.0000000000
5124  -31.434  -55.294  -12.920 3.0000000000
6818  -32.577  -52.702  -13.529 3.0000000000
9474  -28.357  -59.438  -5.130 3.0000000000
9475  -28.185  -60.604  -7.107 3.0000000000
9477  -29.102  -60.414  -11.476 3.0000000000
9478  -30.171  -58.983  -13.922 3.0000000000
9480  -32.425  -53.816  -15.162 3.0000000000
1103  38.015  60.376  -26.907 3.0000000000
1104  36.687  69.010  -25.348 3.0000000000
3023  36.745  67.438  -28.197 3.0000000000
4756  35.911  73.658  -21.534 3.0000000000
6595  37.367  64.880  -26.134 3.0000000000
6596  37.336  66.007  -23.306 3.0000000000
9033  35.945  73.081  -24.665 3.0000000000
532  -39.240  -2.015  -32.002 3.0000000000
1350  -37.717  2.026  -32.795 3.0000000000
2239  -35.259  2.260  -29.226 3.0000000000
2455  -40.434  -3.765  -34.539 3.0000000000
4956  -34.988  0.296  -27.120 3.0000000000
5490  -39.839  -4.088  -31.608 3.0000000000
5492  -39.881  -2.579  -33.388 3.0000000000
7038  -38.528  -0.052  -32.306 3.0000000000
7039  -39.323  -0.431  -33.992 3.0000000000
7040  -38.638  1.549  -34.374 3.0000000000
9275  -37.438  0.400  -30.614 3.0000000000
9276  -36.509  2.345  -31.015 3.0000000000
9277  -35.481  4.184  -31.414 3.0000000000
9284  -33.874  2.072  -27.460 3.0000000000
9285  -34.056  4.046  -29.513 3.0000000000
9922  -39.988  -1.460  -35.288 3.0000000000
9923  -40.489  -2.762  -36.489 3.0000000000
405  -25.110  -62.665  10.161 3.0000000000
1222  -27.523  -58.705  8.216 3.0000000000
5107  -23.952  -64.636  10.970 3.0000000000
5108  -23.399  -66.159  9.167 3.0000000000
5109  -24.541  -64.105  8.317 3.0000000000
6808  -26.248  -60.789  9.168 3.0000000000
6809  -25.627  -62.179  7.459 3.0000000000
8331  -25.754  -61.251  11.781 3.0000000000
8332  -26.945  -59.393  10.839 3.0000000000
1105  34.467  78.351  -10.585 3.0000000000
3025  34.226  78.023  -7.158 3.0000000000
3026  34.998  74.999  -8.448 3.0000000000
6599  35.312  74.850  -11.734 3.0000000000
2228  -13.958  59.415  -23.849 3.0000000000
2230  -14.123  65.402  -26.403 3.0000000000
4933  -14.639  58.533  -22.250 3.0000000000
4934  -14.891  61.934  -23.415 3.0000000000
4939  -14.035  68.286  -27.865 3.0000000000
9253  -14.941  67.893  -26.115 3.0000000000
9254  -14.990  65.061  -24.737 3.0000000000
9255  -14.124  62.552  -25.041 3.0000000000
1190  -10.789  50.361  -29.872 3.0000000000
5013  -10.362  50.750  -31.731 3.0000000000
6751  -11.189  49.643  -28.106 3.0000000000
9344  -10.734  47.956  -30.978 3.0000000000
9345  -10.360  48.356  -32.863 3.0000000000
1048  -11.343  -29.595  48.655 3.0000000000
2968  -11.885  -31.028  46.681 3.0000000000
2969  -10.529  -31.703  48.269 3.0000000000
6494  -9.906  -30.409  50.252 3.0000000000
7496  -13.182  -30.182  45.393 3.0000000000
39  -34.804  -2.070  -61.391 3.0000000000
8553  -36.106  -2.087  -59.729 3.0000000000
9945  -35.065  1.459  -61.342 3.0000000000
5293  29.628  0.388  37.670 3.0000000000
7356  30.627  3.040  34.517 3.0000000000
9681  29.919  3.964  37.360 3.0000000000
9682  30.072  1.530  36.078 3.0000000000
68  -12.766  -65.523  29.761 3.0000000000
3165  -11.646  -64.155  31.236 3.0000000000
3166  -10.161  -64.987  31.366 3.0000000000
3167  -11.193  -66.519  29.829 3.0000000000
7768  -12.314  -67.893  28.195 3.0000000000
99  -32.352  -9.350  32.580 3.0000000000
1550  -29.405  -10.144  35.805 3.0000000000
3542  -27.824  -10.783  37.480 3.0000000000
7453  -30.035  -11.920  35.058 3.0000000000
7454  -30.881  -9.732  34.212 3.0000000000
295  -16.963  -69.923  22.262 3.0000000000
1685  -13.954  -72.549  22.552 3.0000000000
3767  -15.575  -71.141  22.523 3.0000000000
7772  -14.974  -73.364  20.522 3.0000000000
8262  -10.286  91.943  -11.979 3.0000000000
8263  -11.222  91.511  -14.537 3.0000000000
924  -15.939  -50.767  34.929 3.0000000000
4215  -20.125  -50.629  33.181 3.0000000000
4216  -18.446  -51.570  33.616 3.0000000000
8365  -16.828  -52.449  34.055 3.0000000000
2693  -4.091  -55.111  41.374 3.0000000000
2694  -5.489  -54.239  40.501 3.0000000000
8354  -6.775  -53.575  39.664 3.0000000000
196  30.078  9.570  38.392 3.0000000000
5826  30.029  11.729  39.652 3.0000000000
5447  16.376  46.352  -51.689 3.0000000000
9977  -26.361  4.235  -68.549 3.0000000000
8535  -39.748  -29.050  -43.860 3.0000000000
9640  26.747  -93.400  -0.385 3.0000000000
7414  -32.980  26.068  15.495 3.0000000000
8894  27.561  -6.690  69.144 3.0000000000
3440  -33.341  -44.922  25.067 3.0000000000
