#!ascii label , from subject fsaverage5 vox2ras=TkReg
727
55  -1.239  98.246  -6.820 3.0000000000
118  6.072  88.000  -44.614 3.0000000000
388  1.444  100.908  -28.542 3.0000000000
516  12.841  77.410  -49.364 3.0000000000
517  9.325  98.899  -38.125 3.0000000000
518  16.535  90.683  -45.303 3.0000000000
519  22.193  77.414  -48.907 3.0000000000
885  -3.059  98.473  -12.488 3.0000000000
886  -0.068  101.373  -17.995 3.0000000000
1132  9.788  83.392  -47.374 3.0000000000
1133  7.093  103.795  -28.623 3.0000000000
1134  5.247  100.621  -33.546 3.0000000000
1135  11.170  102.872  -33.569 3.0000000000
1139  19.665  84.514  -47.581 3.0000000000
1140  24.075  83.841  -46.441 3.0000000000
1467  0.739  97.390  -1.089 3.0000000000
1468  3.489  101.405  -6.327 3.0000000000
1865  -1.884  99.942  -23.338 3.0000000000
1866  3.362  103.244  -23.393 3.0000000000
1867  8.793  105.854  -22.906 3.0000000000
2193  7.675  93.814  -41.954 3.0000000000
2195  13.173  95.470  -42.175 3.0000000000
2196  11.458  89.684  -45.357 3.0000000000
2197  14.863  84.293  -47.863 3.0000000000
2198  17.670  78.048  -49.469 3.0000000000
2806  -0.712  100.207  -12.431 3.0000000000
2807  0.294  100.198  -9.471 3.0000000000
3053  9.804  104.901  -28.324 3.0000000000
3054  9.072  103.504  -31.185 3.0000000000
3055  11.865  104.496  -30.763 3.0000000000
3059  22.810  87.614  -45.484 3.0000000000
3405  1.704  96.786  1.617 3.0000000000
4098  2.521  103.016  -17.794 3.0000000000
4099  1.767  102.570  -20.613 3.0000000000
4103  5.932  102.777  -5.919 3.0000000000
4841  7.299  99.955  -35.906 3.0000000000
4845  8.566  96.567  -40.120 3.0000000000
4851  14.977  93.271  -43.838 3.0000000000
4852  12.161  92.687  -43.879 3.0000000000
4853  14.131  90.339  -45.409 3.0000000000
4854  13.360  87.362  -46.644 3.0000000000
4855  15.862  87.555  -46.729 3.0000000000
4856  20.985  80.997  -48.367 3.0000000000
4857  18.672  81.405  -48.631 3.0000000000
4858  20.010  77.785  -49.288 3.0000000000
6201  -4.247  98.041  -15.295 3.0000000000
6202  -2.570  99.612  -18.156 3.0000000000
6203  -1.725  99.971  -15.334 3.0000000000
6204  0.942  101.775  -14.979 3.0000000000
6646  11.444  80.603  -48.455 3.0000000000
6647  4.209  102.414  -28.699 3.0000000000
6648  3.397  100.948  -31.171 3.0000000000
6649  6.264  102.329  -31.298 3.0000000000
6650  8.226  101.879  -33.646 3.0000000000
6651  10.217  101.115  -35.807 3.0000000000
6657  18.320  87.911  -46.470 3.0000000000
6658  20.551  87.844  -46.120 3.0000000000
6659  21.955  84.549  -47.028 3.0000000000
6660  23.108  80.689  -47.841 3.0000000000
6662  25.147  79.892  -47.166 3.0000000000
7263  -0.225  97.895  -3.887 3.0000000000
7264  1.199  99.909  -6.478 3.0000000000
7265  2.016  99.449  -3.687 3.0000000000
8215  -0.290  100.570  -25.918 3.0000000000
8216  -1.000  100.757  -20.882 3.0000000000
8217  0.710  101.670  -23.427 3.0000000000
8218  2.438  102.216  -26.093 3.0000000000
8219  5.321  103.715  -26.217 3.0000000000
8220  7.890  104.960  -25.758 3.0000000000
8222  2.674  101.760  -9.296 3.0000000000
9141  6.676  91.001  -43.348 3.0000000000
9147  11.348  97.265  -40.365 3.0000000000
9148  10.405  94.893  -42.040 3.0000000000
9149  9.531  91.944  -43.729 3.0000000000
9150  8.604  89.107  -44.950 3.0000000000
9151  10.640  86.652  -46.476 3.0000000000
9152  12.466  84.109  -47.666 3.0000000000
9153  13.778  80.999  -48.697 3.0000000000
9154  17.237  84.723  -47.758 3.0000000000
9155  16.354  81.369  -48.749 3.0000000000
115  31.849  64.573  23.875 3.0000000000
194  30.967  24.270  37.748 3.0000000000
508  32.942  72.366  10.272 3.0000000000
510  32.560  48.555  27.729 3.0000000000
511  31.363  38.763  37.228 3.0000000000
674  30.386  19.877  40.824 3.0000000000
1116  33.604  64.767  13.428 3.0000000000
1117  32.905  61.193  19.751 3.0000000000
1119  32.291  56.735  25.836 3.0000000000
1121  31.294  46.520  36.759 3.0000000000
1122  30.937  40.963  41.387 3.0000000000
1502  31.714  28.251  34.319 3.0000000000
2168  33.461  75.198  3.536 3.0000000000
2169  34.353  67.700  6.715 3.0000000000
2175  31.753  51.637  31.527 3.0000000000
2176  31.905  43.915  32.701 3.0000000000
2177  31.891  36.093  33.642 3.0000000000
2178  31.240  31.352  37.541 3.0000000000
2594  30.179  17.839  42.134 3.0000000000
3036  32.644  65.212  18.367 3.0000000000
3037  32.353  62.864  21.804 3.0000000000
3038  32.603  59.043  22.765 3.0000000000
3039  32.083  60.541  25.012 3.0000000000
3041  30.861  44.845  41.255 3.0000000000
3464  31.324  26.212  36.036 3.0000000000
3466  31.159  22.521  36.250 3.0000000000
4785  33.204  73.990  6.788 3.0000000000
4786  33.907  71.449  5.264 3.0000000000
4787  33.602  70.150  8.529 3.0000000000
4801  31.614  55.660  30.781 3.0000000000
4802  31.399  53.255  33.483 3.0000000000
4803  31.346  42.675  37.094 3.0000000000
4804  31.575  45.574  34.688 3.0000000000
4805  31.599  41.481  35.171 3.0000000000
4806  31.901  39.946  33.306 3.0000000000
4807  31.611  37.474  35.328 3.0000000000
4808  31.548  33.671  35.651 3.0000000000
4809  31.323  35.101  37.414 3.0000000000
5822  30.652  21.978  39.305 3.0000000000
6615  32.633  70.848  13.696 3.0000000000
6616  33.243  68.568  12.146 3.0000000000
6617  32.958  66.808  15.300 3.0000000000
6622  32.754  55.101  24.042 3.0000000000
6623  32.435  52.683  26.862 3.0000000000
6625  31.212  50.427  36.183 3.0000000000
6626  31.029  47.523  38.832 3.0000000000
6627  31.097  43.647  39.249 3.0000000000
6628  31.141  39.904  39.294 3.0000000000
6629  31.128  36.512  39.386 3.0000000000
7346  32.194  30.586  32.296 3.0000000000
7589  31.632  62.178  27.046 3.0000000000
8859  30.051  16.428  44.453 3.0000000000
9021  30.188  18.666  43.538 3.0000000000
9069  34.172  72.804  1.848 3.0000000000
9070  34.646  69.062  3.507 3.0000000000
9071  35.080  65.143  5.319 3.0000000000
9072  33.961  66.508  10.029 3.0000000000
9087  31.821  58.396  27.965 3.0000000000
9088  31.993  54.408  28.768 3.0000000000
9089  32.146  50.250  29.469 3.0000000000
9090  31.505  49.198  34.233 3.0000000000
9091  31.828  47.800  32.288 3.0000000000
9092  32.221  46.445  30.211 3.0000000000
9093  32.263  42.397  30.901 3.0000000000
9094  32.268  38.344  31.509 3.0000000000
9095  32.257  34.569  31.900 3.0000000000
9096  31.846  32.387  33.896 3.0000000000
9097  31.456  29.995  35.853 3.0000000000
9098  31.103  27.739  37.741 3.0000000000
9101  30.813  25.505  39.375 3.0000000000
9102  30.563  23.178  40.885 3.0000000000
9103  30.349  20.804  42.321 3.0000000000
21  26.640  70.671  40.601 3.0000000000
250  27.727  82.772  27.466 3.0000000000
251  30.569  79.642  18.666 3.0000000000
254  29.248  57.095  44.530 3.0000000000
730  27.339  77.200  33.976 3.0000000000
731  29.052  76.545  29.916 3.0000000000
732  28.689  70.432  36.670 3.0000000000
733  29.615  63.475  38.720 3.0000000000
734  28.132  64.029  42.968 3.0000000000
1602  28.043  87.978  20.164 3.0000000000
1604  29.357  81.700  23.058 3.0000000000
1605  30.274  74.944  25.671 3.0000000000
2133  23.951  69.769  43.560 3.0000000000
2142  26.002  63.921  46.212 3.0000000000
2143  27.654  57.169  48.390 3.0000000000
2144  28.852  50.324  49.710 3.0000000000
2650  27.044  73.960  37.362 3.0000000000
2651  28.041  73.807  35.528 3.0000000000
2652  27.787  70.754  38.647 3.0000000000
2653  28.378  67.412  39.921 3.0000000000
2654  27.467  67.585  41.696 3.0000000000
3630  27.907  85.545  23.743 3.0000000000
3631  28.781  84.946  21.527 3.0000000000
3632  28.606  82.426  25.229 3.0000000000
3633  29.555  72.984  31.265 3.0000000000
3634  29.726  75.821  27.739 3.0000000000
3635  30.129  72.191  29.138 3.0000000000
3640  29.424  60.238  41.789 3.0000000000
3641  30.007  59.874  39.361 3.0000000000
3642  29.845  56.668  42.312 3.0000000000
3644  29.700  53.231  45.125 3.0000000000
4726  26.851  60.610  47.427 3.0000000000
4727  26.537  57.032  50.027 3.0000000000
4778  30.147  83.055  17.064 3.0000000000
5922  27.527  79.999  30.871 3.0000000000
5923  28.441  79.780  28.692 3.0000000000
5924  28.293  76.806  32.125 3.0000000000
5925  28.882  73.558  33.355 3.0000000000
5928  29.191  67.057  37.716 3.0000000000
5929  28.958  63.924  40.858 3.0000000000
5930  28.713  60.671  43.861 3.0000000000
7581  29.530  83.981  19.369 3.0000000000
7582  30.010  80.643  20.960 3.0000000000
7583  29.232  79.077  26.580 3.0000000000
7584  29.898  78.311  24.254 3.0000000000
7585  30.485  77.035  22.205 3.0000000000
7586  30.837  73.514  23.469 3.0000000000
8204  26.917  85.727  25.917 3.0000000000
8207  26.707  82.991  29.361 3.0000000000
8210  25.785  73.899  39.032 3.0000000000
8967  25.350  70.505  42.104 3.0000000000
8992  23.468  65.929  46.475 3.0000000000
8993  25.001  66.817  45.058 3.0000000000
8994  26.327  67.399  43.437 3.0000000000
8995  27.114  64.194  44.683 3.0000000000
8996  27.869  60.755  45.732 3.0000000000
8997  28.485  57.303  46.628 3.0000000000
8998  27.346  53.720  50.894 3.0000000000
8999  28.315  53.625  49.205 3.0000000000
9000  29.077  53.748  47.145 3.0000000000
423  38.069  28.118  15.078 3.0000000000
424  35.086  22.958  24.229 3.0000000000
945  35.155  31.607  22.758 3.0000000000
1946  36.269  43.148  15.660 3.0000000000
1947  37.893  36.896  12.807 3.0000000000
1948  36.628  34.670  17.694 3.0000000000
1949  36.640  25.994  19.744 3.0000000000
1950  36.408  17.353  21.344 3.0000000000
4274  35.686  41.517  18.245 3.0000000000
4275  36.505  38.991  16.592 3.0000000000
4276  35.843  37.308  19.241 3.0000000000
4277  35.118  27.412  23.611 3.0000000000
4278  35.860  29.046  21.317 3.0000000000
4279  35.843  24.493  22.105 3.0000000000
4280  36.587  21.537  20.524 3.0000000000
4281  35.752  20.044  22.801 3.0000000000
4288  35.361  11.838  23.962 3.0000000000
5377  38.015  32.519  13.991 3.0000000000
5378  38.661  33.481  11.356 3.0000000000
5379  38.744  29.074  12.525 3.0000000000
6309  35.169  35.892  21.696 3.0000000000
6970  38.096  23.617  15.946 3.0000000000
6971  38.775  24.814  13.482 3.0000000000
8438  36.927  44.211  12.897 3.0000000000
8439  37.737  41.125  11.494 3.0000000000
8440  37.127  40.030  14.138 3.0000000000
8441  37.279  35.695  15.328 3.0000000000
8442  37.368  31.484  16.387 3.0000000000
8443  35.906  33.239  20.237 3.0000000000
8444  36.644  30.359  18.829 3.0000000000
8445  37.415  26.994  17.345 3.0000000000
8446  37.375  22.578  18.248 3.0000000000
8447  37.243  18.451  19.086 3.0000000000
8454  34.968  18.708  24.808 3.0000000000
8455  35.578  15.728  23.446 3.0000000000
249  31.733  90.274  -11.302 3.0000000000
728  31.907  90.641  -18.394 3.0000000000
729  30.184  95.891  -15.238 3.0000000000
1111  29.931  93.185  0.160 3.0000000000
1853  28.357  99.908  -11.292 3.0000000000
1854  26.132  102.923  -6.952 3.0000000000
2163  30.128  94.916  -7.554 3.0000000000
2164  31.446  89.034  -3.862 3.0000000000
3625  31.851  90.503  -14.825 3.0000000000
3629  32.308  87.420  -9.252 3.0000000000
4073  26.052  103.483  -10.672 3.0000000000
4770  28.384  99.290  -7.195 3.0000000000
4771  29.343  97.468  -9.449 3.0000000000
4772  29.311  96.755  -5.465 3.0000000000
4773  30.534  90.174  2.110 3.0000000000
4774  30.731  91.038  -1.727 3.0000000000
4775  31.294  88.030  -0.094 3.0000000000
4776  31.981  85.880  -1.953 3.0000000000
5920  31.082  93.308  -16.599 3.0000000000
5921  31.031  93.117  -13.217 3.0000000000
6607  29.197  96.000  -1.616 3.0000000000
6608  29.152  94.731  2.408 3.0000000000
6609  29.873  91.828  3.946 3.0000000000
6610  30.470  88.701  5.667 3.0000000000
8183  28.281  100.267  -15.050 3.0000000000
8184  27.166  102.116  -13.038 3.0000000000
8185  27.360  101.473  -9.128 3.0000000000
8186  27.320  100.878  -5.133 3.0000000000
9051  29.296  98.039  -13.378 3.0000000000
9052  30.167  95.554  -11.535 3.0000000000
9053  30.913  92.818  -9.535 3.0000000000
9054  30.075  93.988  -3.537 3.0000000000
9055  30.801  92.121  -5.528 3.0000000000
9056  31.528  90.057  -7.655 3.0000000000
9057  32.122  86.903  -5.647 3.0000000000
80  -13.316  36.364  -35.585 3.0000000000
82  -6.723  41.992  -50.233 3.0000000000
201  -11.051  40.145  -43.729 3.0000000000
960  -15.576  31.472  -35.688 3.0000000000
962  -14.810  34.042  -40.268 3.0000000000
963  -9.175  41.434  -47.086 3.0000000000
964  -11.662  37.876  -48.197 3.0000000000
965  -9.322  38.728  -51.628 3.0000000000
1512  -11.488  41.543  -35.498 3.0000000000
1513  -12.388  38.535  -39.678 3.0000000000
1514  -10.439  43.210  -39.475 3.0000000000
1973  -13.582  36.125  -44.330 3.0000000000
2256  -16.010  28.639  -31.392 3.0000000000
2257  -13.850  33.982  -31.406 3.0000000000
2260  -12.161  39.633  -31.682 3.0000000000
2880  -14.433  33.811  -35.727 3.0000000000
2881  -15.271  32.762  -37.992 3.0000000000
2882  -14.087  34.980  -37.828 3.0000000000
2883  -8.031  41.745  -48.789 3.0000000000
2884  -9.163  40.096  -49.378 3.0000000000
2885  -7.974  40.239  -50.976 3.0000000000
2886  -7.992  38.897  -52.979 3.0000000000
2887  -6.601  40.394  -52.201 3.0000000000
3480  -10.703  44.231  -35.751 3.0000000000
3481  -11.056  42.304  -37.520 3.0000000000
4328  -11.752  39.465  -41.733 3.0000000000
4329  -12.988  37.199  -41.911 3.0000000000
4330  -12.314  38.026  -44.004 3.0000000000
4999  -14.988  29.965  -29.308 3.0000000000
5000  -14.826  31.344  -31.318 3.0000000000
5008  -12.384  38.709  -29.627 3.0000000000
5010  -11.445  42.642  -31.962 3.0000000000
6341  -10.150  40.911  -45.421 3.0000000000
6342  -11.385  38.885  -45.963 3.0000000000
6343  -10.302  39.629  -47.729 3.0000000000
6344  -10.536  38.438  -49.949 3.0000000000
7368  -12.318  38.993  -35.640 3.0000000000
7369  -12.943  37.409  -37.630 3.0000000000
7370  -11.901  39.956  -37.528 3.0000000000
7371  -11.385  40.810  -39.515 3.0000000000
7372  -10.721  41.648  -41.437 3.0000000000
7375  -9.956  42.354  -43.272 3.0000000000
7376  -9.129  42.857  -44.976 3.0000000000
8507  -13.557  36.206  -39.879 3.0000000000
8508  -14.224  35.186  -42.275 3.0000000000
8510  -12.722  37.019  -46.478 3.0000000000
9329  -15.892  29.970  -33.542 3.0000000000
9330  -14.703  32.543  -33.552 3.0000000000
9331  -13.624  35.213  -33.607 3.0000000000
9339  -12.922  36.854  -31.383 3.0000000000
9340  -12.702  37.821  -33.564 3.0000000000
9341  -11.858  40.619  -33.569 3.0000000000
9342  -11.093  43.566  -33.794 3.0000000000
269  -26.965  -9.586  -10.783 3.0000000000
270  -28.051  -2.864  -17.768 3.0000000000
283  -32.723  -16.633  -10.516 3.0000000000
750  -24.441  -6.121  -11.112 3.0000000000
1171  -33.977  -5.479  -21.325 3.0000000000
1173  -28.797  0.881  -21.593 3.0000000000
1211  -35.319  -16.671  -14.002 3.0000000000
1637  -30.158  -9.835  -13.978 3.0000000000
1638  -30.686  -6.005  -17.665 3.0000000000
1639  -27.336  -6.434  -14.072 3.0000000000
1640  -24.648  -2.891  -14.307 3.0000000000
1661  -32.872  -19.580  -7.132 3.0000000000
1663  -29.922  -13.097  -10.700 3.0000000000
2240  -31.439  -2.270  -21.386 3.0000000000
2284  -35.201  -20.235  -10.359 3.0000000000
3091  -33.613  -7.367  -19.472 3.0000000000
3689  -28.577  -9.855  -12.322 3.0000000000
3690  -28.816  -8.102  -14.119 3.0000000000
3691  -27.189  -8.111  -12.436 3.0000000000
3692  -23.132  -4.218  -11.189 3.0000000000
3693  -24.496  -4.576  -12.638 3.0000000000
3694  -23.183  -2.660  -12.739 3.0000000000
3695  -23.330  -0.960  -14.443 3.0000000000
3730  -27.078  -11.225  -9.183 3.0000000000
3732  -28.410  -11.416  -10.640 3.0000000000
3733  -29.945  -11.506  -12.265 3.0000000000
4957  -29.405  -4.546  -17.643 3.0000000000
4958  -31.078  -4.154  -19.525 3.0000000000
4959  -29.684  -2.558  -19.530 3.0000000000
5070  -32.794  -18.247  -8.793 3.0000000000
5071  -34.138  -20.119  -8.662 3.0000000000
5072  -33.996  -18.431  -10.395 3.0000000000
5957  -25.742  -9.449  -9.369 3.0000000000
5958  -25.629  -7.920  -10.837 3.0000000000
5959  -24.373  -7.480  -9.593 3.0000000000
5983  -25.782  -10.664  -7.907 3.0000000000
6718  -26.639  -1.147  -17.861 3.0000000000
6719  -28.347  -1.046  -19.557 3.0000000000
6720  -26.961  0.760  -19.780 3.0000000000
6786  -32.805  -14.993  -12.250 3.0000000000
6787  -34.098  -16.714  -12.277 3.0000000000
7662  -32.055  -7.691  -17.638 3.0000000000
7663  -30.376  -7.866  -15.852 3.0000000000
7664  -28.893  -6.232  -15.770 3.0000000000
7665  -27.627  -4.576  -15.937 3.0000000000
7666  -25.778  -6.322  -12.526 3.0000000000
7667  -26.029  -4.675  -14.255 3.0000000000
7668  -26.309  -2.892  -16.064 3.0000000000
7669  -24.933  -1.084  -16.178 3.0000000000
7717  -31.500  -17.857  -7.213 3.0000000000
7718  -31.396  -16.406  -8.955 3.0000000000
7720  -29.920  -14.550  -9.130 3.0000000000
7721  -31.348  -14.773  -10.691 3.0000000000
7722  -31.403  -13.152  -12.336 3.0000000000
9278  -32.436  -5.764  -19.542 3.0000000000
9279  -32.788  -3.821  -21.429 3.0000000000
9280  -33.114  -1.812  -23.368 3.0000000000
9281  -30.182  -0.602  -21.601 3.0000000000
9282  -31.763  -0.136  -23.445 3.0000000000
9414  -36.247  -22.138  -10.189 3.0000000000
9415  -35.294  -18.550  -12.235 3.0000000000
9416  -36.306  -20.332  -12.181 3.0000000000
1956  33.359  -16.176  24.431 3.0000000000
2379  30.942  -12.384  30.982 3.0000000000
2380  31.729  -17.808  28.057 3.0000000000
2381  32.494  -23.714  24.615 3.0000000000
2390  32.851  -29.763  20.983 3.0000000000
4296  33.002  -13.088  25.962 3.0000000000
5306  30.990  -18.835  29.784 3.0000000000
5307  31.399  -21.632  28.151 3.0000000000
5308  32.131  -20.807  26.379 3.0000000000
5309  31.736  -24.707  26.499 3.0000000000
5331  32.233  -30.473  22.853 3.0000000000
5332  32.276  -33.530  20.963 3.0000000000
5333  32.843  -32.652  19.114 3.0000000000
9695  31.703  -11.217  29.315 3.0000000000
9697  31.322  -15.189  29.560 3.0000000000
9698  32.159  -14.268  27.697 3.0000000000
9699  32.532  -17.131  26.213 3.0000000000
9700  32.954  -19.950  24.469 3.0000000000
9701  33.240  -23.082  22.717 3.0000000000
9726  32.058  -27.458  24.686 3.0000000000
9727  32.741  -26.875  22.750 3.0000000000
9728  33.445  -26.203  20.787 3.0000000000
9729  33.481  -29.148  18.970 3.0000000000
197  35.545  47.150  -39.475 3.0000000000
677  37.259  44.002  -36.112 3.0000000000
1507  33.504  51.230  -42.697 3.0000000000
2207  36.938  52.897  -36.164 3.0000000000
3472  34.594  49.269  -41.078 3.0000000000
3474  34.493  44.132  -40.909 3.0000000000
4747  38.119  52.598  -32.232 3.0000000000
4881  37.685  50.711  -34.405 3.0000000000
5827  36.436  45.650  -37.808 3.0000000000
5828  35.488  42.452  -39.256 3.0000000000
7357  32.316  52.643  -44.211 3.0000000000
7362  34.359  39.237  -40.461 3.0000000000
9180  35.464  52.382  -39.567 3.0000000000
9183  36.325  50.439  -37.937 3.0000000000
9184  37.172  48.441  -36.148 3.0000000000
96  1.704  71.966  31.247 3.0000000000
1014  2.733  78.020  26.681 3.0000000000
1585  4.812  69.821  35.215 3.0000000000
1586  3.700  62.837  39.345 3.0000000000
2933  0.873  76.227  26.836 3.0000000000
2934  2.229  74.938  29.101 3.0000000000
3001  4.198  77.332  28.486 3.0000000000
3002  3.739  74.127  30.965 3.0000000000
3601  2.243  64.302  37.371 3.0000000000
3602  1.864  60.897  39.333 3.0000000000
4689  6.768  72.109  34.841 3.0000000000
6431  1.306  78.988  24.552 3.0000000000
7537  3.234  70.822  33.310 3.0000000000
7538  2.890  67.769  35.385 3.0000000000
7539  4.350  66.284  37.471 3.0000000000
8950  5.143  73.122  32.848 3.0000000000
1103  38.015  60.376  -26.907 3.0000000000
1104  36.687  69.010  -25.348 3.0000000000
4755  35.079  77.589  -20.325 3.0000000000
4756  35.911  73.658  -21.534 3.0000000000
4757  35.692  74.595  -18.485 3.0000000000
6593  37.963  58.624  -29.370 3.0000000000
6595  37.367  64.880  -26.134 3.0000000000
6596  37.336  66.007  -23.306 3.0000000000
6598  35.515  74.864  -15.098 3.0000000000
9033  35.945  73.081  -24.665 3.0000000000
9034  36.616  70.046  -22.420 3.0000000000
3  5.291  92.216  13.272 3.0000000000
172  10.600  99.450  7.456 3.0000000000
652  7.567  95.675  10.603 3.0000000000
654  7.820  92.088  15.740 3.0000000000
2040  4.716  88.633  17.154 3.0000000000
2572  6.297  93.782  12.114 3.0000000000
2573  7.773  94.002  13.195 3.0000000000
2574  6.417  92.255  14.280 3.0000000000
2575  4.780  93.114  11.496 3.0000000000
2576  5.876  95.027  9.841 3.0000000000
2577  4.023  91.217  13.288 3.0000000000
3408  8.536  98.931  6.301 3.0000000000
4681  5.976  88.179  18.823 3.0000000000
5782  9.061  97.632  9.021 3.0000000000
5784  9.346  96.005  11.783 3.0000000000
5785  9.361  94.114  14.447 3.0000000000
5786  9.319  91.967  17.172 3.0000000000
5790  7.265  97.097  8.061 3.0000000000
8693  3.481  89.198  15.294 3.0000000000
8694  4.976  90.633  14.979 3.0000000000
8941  6.242  90.421  16.405 3.0000000000
8942  7.607  90.029  18.075 3.0000000000
8943  9.228  89.605  19.930 3.0000000000
609  -35.008  10.497  -59.908 3.0000000000
2462  -37.452  3.990  -56.892 3.0000000000
2463  -35.185  4.569  -61.085 3.0000000000
2471  -32.286  10.947  -64.117 3.0000000000
5508  -36.130  9.812  -57.621 3.0000000000
5510  -36.295  7.395  -58.464 3.0000000000
5511  -36.467  4.315  -58.953 3.0000000000
5512  -35.197  7.648  -60.562 3.0000000000
5534  -32.201  7.952  -64.613 3.0000000000
7051  -34.807  12.891  -58.801 3.0000000000
9943  -37.425  0.918  -57.521 3.0000000000
9944  -36.372  1.224  -59.428 3.0000000000
9945  -35.065  1.459  -61.342 3.0000000000
9969  -33.765  10.700  -62.090 3.0000000000
9970  -33.840  7.909  -62.618 3.0000000000
9971  -33.669  4.802  -63.087 3.0000000000
300  26.522  -78.316  3.662 3.0000000000
1261  25.240  -71.386  -0.769 3.0000000000
1692  26.108  -72.858  3.599 3.0000000000
2350  25.792  -76.572  -0.732 3.0000000000
3181  25.587  -69.714  1.366 3.0000000000
3780  26.762  -71.943  8.197 3.0000000000
5227  26.311  -75.574  3.761 3.0000000000
5228  25.922  -74.737  1.504 3.0000000000
5229  26.182  -77.370  1.392 3.0000000000
6881  26.460  -79.970  1.308 3.0000000000
7788  26.000  -70.374  3.492 3.0000000000
7789  26.410  -71.060  5.844 3.0000000000
7790  26.493  -73.751  5.977 3.0000000000
7791  26.618  -76.430  6.011 3.0000000000
9604  25.699  -72.225  1.371 3.0000000000
9605  25.480  -73.995  -0.738 3.0000000000
322  8.541  63.255  -50.457 3.0000000000
2188  6.147  69.685  -48.985 3.0000000000
3847  6.499  62.965  -49.959 3.0000000000
4834  9.621  73.604  -49.418 3.0000000000
6052  10.739  63.452  -50.850 3.0000000000
6053  9.428  59.718  -51.008 3.0000000000
9125  5.352  66.252  -49.158 3.0000000000
9126  7.509  66.734  -49.789 3.0000000000
9127  7.212  73.208  -48.831 3.0000000000
9128  8.421  70.351  -49.581 3.0000000000
9129  9.672  66.791  -50.310 3.0000000000
391  -15.000  69.899  13.397 3.0000000000
1873  -17.575  64.880  12.763 3.0000000000
1875  -17.036  70.457  8.570 3.0000000000
4117  -16.333  67.498  13.030 3.0000000000
4118  -17.315  67.766  10.619 3.0000000000
4119  -16.034  70.140  11.066 3.0000000000
8239  -18.745  62.689  12.010 3.0000000000
8241  -18.454  65.419  10.183 3.0000000000
8242  -18.271  68.020  8.143 3.0000000000
8243  -18.094  70.410  6.152 3.0000000000
8669  -16.607  64.825  14.991 3.0000000000
8670  -15.277  67.102  15.586 3.0000000000
260  27.417  97.489  -32.336 3.0000000000
1622  29.635  91.400  -35.052 3.0000000000
3656  26.138  100.158  -30.622 3.0000000000
3660  27.072  95.981  -35.286 3.0000000000
3661  28.319  92.876  -36.507 3.0000000000
3662  28.555  94.685  -33.665 3.0000000000
5940  27.733  98.620  -29.132 3.0000000000
5941  28.906  95.803  -30.661 3.0000000000
7625  29.885  92.845  -32.169 3.0000000000
7626  30.889  89.540  -33.300 3.0000000000
204  -41.503  -16.346  -38.410 3.0000000000
1517  -41.228  -21.501  -31.502 3.0000000000
1518  -41.324  -21.847  -34.828 3.0000000000
1519  -41.431  -16.313  -34.824 3.0000000000
1984  -41.328  -22.038  -38.532 3.0000000000
3489  -41.357  -19.011  -33.150 3.0000000000
3490  -41.377  -16.582  -33.173 3.0000000000
4351  -41.450  -19.091  -36.618 3.0000000000
4352  -41.362  -21.672  -36.747 3.0000000000
4353  -41.463  -18.902  -38.638 3.0000000000
7379  -41.090  -24.183  -31.442 3.0000000000
7380  -41.138  -24.356  -33.102 3.0000000000
7381  -41.287  -21.572  -33.202 3.0000000000
7382  -41.409  -19.087  -34.842 3.0000000000
7383  -41.479  -16.275  -36.613 3.0000000000
8536  -41.170  -24.547  -34.913 3.0000000000
8537  -41.161  -24.820  -36.598 3.0000000000
1358  -21.283  29.123  -51.260 3.0000000000
1359  -24.902  26.412  -51.859 3.0000000000
3279  -21.963  29.052  -54.041 3.0000000000
5514  -25.286  23.243  -44.044 3.0000000000
5515  -24.672  24.943  -46.663 3.0000000000
5516  -25.654  26.276  -54.361 3.0000000000
5517  -26.700  24.914  -51.749 3.0000000000
7052  -22.235  27.778  -48.902 3.0000000000
7053  -23.993  26.435  -49.267 3.0000000000
7054  -23.156  27.736  -51.623 3.0000000000
7055  -23.757  27.741  -54.203 3.0000000000
9946  -25.647  21.423  -41.238 3.0000000000
9949  -25.763  24.970  -49.234 3.0000000000
1271  22.517  -98.161  4.345 3.0000000000
1273  24.234  -101.703  -6.163 3.0000000000
2361  26.296  -94.004  1.616 3.0000000000
5258  26.248  -95.871  -1.175 3.0000000000
5259  25.537  -97.980  -1.935 3.0000000000
5260  23.734  -103.189  -9.288 3.0000000000
5261  25.044  -101.222  -8.113 3.0000000000
6897  22.242  -100.095  1.229 3.0000000000
6898  23.508  -100.173  -0.813 3.0000000000
6899  24.547  -100.053  -3.000 3.0000000000
6900  23.286  -101.731  -3.792 3.0000000000
9640  26.747  -93.400  -0.385 3.0000000000
9643  25.300  -99.780  -5.046 3.0000000000
722  1.900  48.904  45.999 3.0000000000
2619  -1.558  48.465  44.095 3.0000000000
2641  0.408  50.525  44.266 3.0000000000
2642  0.070  47.079  45.764 3.0000000000
4704  2.942  43.633  49.139 3.0000000000
4705  4.385  41.945  50.808 3.0000000000
8968  1.420  45.105  47.521 3.0000000000
8969  3.378  47.142  47.775 3.0000000000
558  -38.937  -36.600  -22.969 3.0000000000
2312  -40.042  -32.103  -27.180 3.0000000000
2313  -39.037  -35.416  -19.683 3.0000000000
2314  -40.045  -31.139  -23.939 3.0000000000
5134  -38.920  -37.184  -24.736 3.0000000000
5135  -39.537  -34.845  -26.776 3.0000000000
5136  -39.518  -34.412  -24.995 3.0000000000
9497  -38.946  -36.136  -21.255 3.0000000000
9499  -39.569  -33.356  -21.870 3.0000000000
9500  -39.542  -33.872  -23.399 3.0000000000
9501  -40.058  -31.523  -25.543 3.0000000000
9502  -40.457  -29.321  -27.540 3.0000000000
1093  21.505  46.918  57.517 3.0000000000
1594  26.195  34.969  60.987 3.0000000000
3013  22.633  44.121  58.765 3.0000000000
3015  24.228  44.999  57.973 3.0000000000
3017  25.296  41.849  58.844 3.0000000000
4734  27.268  35.475  59.641 3.0000000000
4735  28.055  32.211  59.670 3.0000000000
7558  25.064  38.024  60.578 3.0000000000
9004  26.376  38.903  59.250 3.0000000000
545  -35.925  -26.097  3.683 3.0000000000
2277  -37.296  -27.150  7.830 3.0000000000
2278  -37.573  -30.139  5.423 3.0000000000
5051  -34.976  -24.268  3.065 3.0000000000
5053  -35.772  -24.814  4.990 3.0000000000
5054  -36.547  -25.304  6.851 3.0000000000
5055  -36.602  -26.665  5.706 3.0000000000
5056  -37.390  -28.695  6.620 3.0000000000
5057  -36.843  -28.060  4.630 3.0000000000
9384  -37.967  -25.831  10.920 3.0000000000
9392  -37.255  -25.428  8.843 3.0000000000
9393  -37.921  -27.462  10.000 3.0000000000
899  -25.102  3.659  -4.400 3.0000000000
901  -24.522  9.650  -5.899 3.0000000000
2819  -26.430  6.031  -4.400 3.0000000000
2820  -24.790  6.678  -5.180 3.0000000000
2821  -26.234  9.044  -5.188 3.0000000000
4142  -21.947  8.249  -6.588 3.0000000000
4148  -25.727  15.318  -6.687 3.0000000000
6230  -23.301  7.411  -5.894 3.0000000000
8278  -25.957  12.045  -5.950 3.0000000000
1194  -36.447  -30.660  26.656 3.0000000000
2266  -38.058  -31.188  22.824 3.0000000000
3114  -36.234  -28.438  27.370 3.0000000000
5025  -38.481  -27.038  22.649 3.0000000000
5026  -37.945  -29.035  23.840 3.0000000000
5027  -38.527  -29.261  21.769 3.0000000000
9358  -37.241  -28.543  25.601 3.0000000000
9359  -37.309  -30.954  24.914 3.0000000000
9360  -37.420  -33.089  23.957 3.0000000000
9362  -38.040  -33.319  21.943 3.0000000000
2467  -23.641  27.623  -61.349 3.0000000000
2468  -27.601  24.131  -60.794 3.0000000000
5522  -21.681  29.033  -61.325 3.0000000000
5525  -26.098  24.827  -63.032 3.0000000000
5526  -27.888  22.900  -62.785 3.0000000000
9958  -24.131  26.555  -63.362 3.0000000000
9959  -25.565  26.057  -61.151 3.0000000000
398  -21.399  25.253  -9.352 3.0000000000
905  -21.580  32.411  -10.102 3.0000000000
4150  -22.739  24.254  -8.839 3.0000000000
6235  -24.160  26.313  -8.696 3.0000000000
6236  -22.723  27.476  -9.222 3.0000000000
6237  -21.542  28.884  -9.741 3.0000000000
6238  -22.850  31.029  -9.533 3.0000000000
8290  -20.351  30.063  -10.298 3.0000000000
528  -15.852  64.379  -23.019 3.0000000000
1650  -13.654  52.631  -21.551 3.0000000000
2228  -13.958  59.415  -23.849 3.0000000000
4933  -14.639  58.533  -22.250 3.0000000000
4934  -14.891  61.934  -23.415 3.0000000000
9246  -14.460  55.075  -21.058 3.0000000000
9247  -13.801  55.978  -22.604 3.0000000000
973  -41.100  -9.828  -45.705 3.0000000000
975  -40.325  -3.344  -49.077 3.0000000000
2891  -41.171  -7.217  -43.218 3.0000000000
2893  -41.002  -6.786  -45.467 3.0000000000
2894  -40.743  -6.433  -47.569 3.0000000000
4113  21.546  106.970  -11.546 3.0000000000
4114  21.138  107.266  -15.293 3.0000000000
4115  22.970  106.368  -13.906 3.0000000000
4116  24.400  105.328  -15.961 3.0000000000
54  17.242  88.481  26.429 3.0000000000
2800  17.544  91.222  23.437 3.0000000000
7262  15.674  89.535  24.506 3.0000000000
947  31.627  8.658  32.542 3.0000000000
6313  31.934  12.559  32.170 3.0000000000
6315  32.338  9.880  30.849 3.0000000000
1614  -2.726  88.357  -39.568 3.0000000000
3651  -0.423  89.877  -40.334 3.0000000000
1073  27.087  -29.050  66.118 3.0000000000
6537  27.067  -26.494  67.278 3.0000000000
8909  27.665  -26.511  65.375 3.0000000000
4626  29.558  -5.235  57.258 3.0000000000
8874  29.647  -1.918  56.453 3.0000000000
1827  -4.608  -18.862  61.311 3.0000000000
8108  -3.771  -21.090  61.641 3.0000000000
8109  -5.732  -20.202  60.175 3.0000000000
8352  -37.677  -39.656  2.648 3.0000000000
9374  -37.939  -38.649  4.415 3.0000000000
9375  -38.037  -37.627  1.976 3.0000000000
1669  -32.401  -50.975  4.777 3.0000000000
8345  -33.117  -49.854  6.505 3.0000000000
7687  -13.926  40.595  -17.715 3.0000000000
7688  -13.390  41.711  -19.159 3.0000000000
8473  21.547  47.821  -50.549 3.0000000000
771  -38.299  -35.848  -4.579 3.0000000000
9404  -38.384  -33.812  -4.858 3.0000000000
570  23.080  -69.604  -11.611 3.0000000000
9600  23.452  -71.061  -10.033 3.0000000000
1470  9.585  102.109  1.177 3.0000000000
8357  -9.516  -56.469  36.281 3.0000000000
8359  -10.989  -55.704  35.775 3.0000000000
181  -31.961  28.606  -5.788 3.0000000000
3422  -32.373  25.798  -5.796 3.0000000000
6193  19.497  97.754  15.161 3.0000000000
2106  28.479  -22.892  55.317 3.0000000000
1985  -41.022  -22.409  -42.358 3.0000000000
2246  -20.105  -0.186  -9.314 3.0000000000
9300  -19.854  1.189  -10.597 3.0000000000
8327  -23.354  -65.102  13.378 3.0000000000
6232  -26.888  24.216  -7.750 3.0000000000
2286  -39.019  -20.614  -17.638 3.0000000000
3166  -10.161  -64.987  31.366 3.0000000000
5492  -39.881  -2.579  -33.388 3.0000000000
